-1.077887235941467514e+00 1.953646226541035702e+00 1.683726417493939254e+00 1.938864676788898622e+00 1.875607489782373793e+00 -1.472236074156804131e+00 6.846561382883353808e-01 -7.202937978504690975e-01
6.258114911070844499e-01 -1.359565892111939123e+00 -6.824177101460099371e-02 -1.409214385847537221e+00 1.662052125334834596e+00 -4.544237008746855322e-01 6.803427791397466118e-01 -1.295267503680714305e-01
3.646766324643310742e-01 -1.169152557246708968e+00 -1.755425984931445471e-01 -1.054532776469789157e+00 1.574713275180849248e+00 -2.205839819700844695e-01 5.475059085636501122e-01 6.344505075177839237e-02
-8.939080247751162167e-01 2.582714781657358127e+00 1.429547667780131093e+00 2.867535023815879214e+00 4.677635821029760832e-01 1.254014504359725724e+00 1.486386276933348238e+00 7.939275515086836599e-01
-6.675167261354841841e-01 2.135958355815438026e+00 1.643254302722470861e+00 2.152031649822120585e+00 -7.958600305502168126e-01 6.487172333433946503e-03 2.480587836671191315e+00 1.450638966374996341e-01
-7.723102599552291725e-01 2.588884495178959355e+00 1.224460899836665062e+00 2.914791568671820876e+00 -7.174026012089140814e-01 7.655043735357381918e-01 2.167260813906429551e+00 4.935682262373324858e-01
2.697947892023286331e-01 -9.595212613309590521e-01 5.282627355819577430e-02 -1.198836884184893092e+00 2.422619538827653685e+00 8.295101777766875073e-02 -6.210554523184355080e-01 4.518920108500668747e-02
-3.685904171139783303e-01 7.820314201604479099e-01 7.228684530825900678e-01 9.087512034694439356e-01 1.922570800150373849e+00 8.978172589356619993e-01 2.904730309856089487e-01 5.170838409629711085e-01
-8.675409701391366690e-01 1.986534797008673303e+00 1.545157965723115145e+00 2.617665619095301821e+00 -1.193849102560182951e+00 -1.421922180260730417e-02 2.711474869387858089e+00 8.090138669061877619e-02
-9.985427757706990537e-01 2.570698086706912466e+00 1.382313494767289708e+00 3.152137567014171360e+00 -1.109325411956934460e+00 7.283283779661092749e-01 2.422279616039677119e+00 4.621752301665342788e-01
-1.328733308466215624e-01 1.291953901574813962e-02 3.875596614297568965e-01 -8.983482332234643541e-02 1.776465325492209146e+00 3.509651596569640097e-01 -1.262731820336411848e-01 2.922313379450363624e-01
1.894412897941419871e-01 -3.254640101344224434e-01 1.246258224644513496e-01 -5.980490525739761559e-02 1.866305889180723598e+00 6.012622136584344634e-01 -6.500165380479487609e-02 3.993168671904060441e-01
-9.831479557527720292e-01 2.622718159627552392e+00 1.473883230454666959e+00 3.418636318387433537e+00 -1.472828216528536904e+00 7.637629625996495975e-01 2.544726981708946845e+00 6.318242419029223012e-01
-7.856471635137629583e-01 2.012513680371102343e+00 2.040461632120002200e+00 2.062653149511781248e+00 -1.678153821636744869e+00 -9.866436367146050324e-02 2.994413451078634214e+00 -2.469917292345046866e-01
-7.611078186978448290e-01 1.407878954975750663e+00 1.378551857557923199e+00 1.284449066699300035e+00 1.506891618600700422e+00 8.552469373552753495e-01 4.023024839035691524e-01 6.447020799269476132e-01
1.202929349351491289e-01 -1.284708498228527951e+00 3.275119979680655158e-01 -1.448036152131933374e+00 2.488801120652740284e+00 -3.198489029839323150e-01 -5.236872606631193250e-01 -1.467490463877813012e-01
1.110039974431396154e-01 -1.254479142195453534e+00 8.339986076976591001e-01 -1.028495185609511253e+00 2.445693736708257404e+00 -4.521123141590929762e-01 -5.195875427132824464e-01 -1.634767674840454377e-01
-7.063757770082246257e-02 -1.289059430889001101e+00 8.720253745999915207e-01 -1.499828563545463567e+00 2.479206002175999846e+00 1.669521182573244222e-01 -4.911510036573875082e-01 -2.039308373631108784e-01
-2.902151581960716320e-01 1.247297575197135050e-01 9.131811655158468266e-01 -6.164772076890432384e-01 1.737999734779120065e+00 1.216092306639741771e+00 -5.192222509869649505e-01 6.614344621956053105e-01
-4.363323488395984273e-01 -1.104794107387290447e+00 -3.189424089648126293e-01 9.131851137980588617e-02 1.356116428795904882e+00 1.250560363185462542e-01 -2.824331654170478267e-01 1.338971687033224445e+00
-9.286432751321584134e-02 -1.192238752957798908e+00 1.376485068955457747e+00 -1.155255271291042884e+00 6.242066955241203363e-01 2.909179191471371606e+00 -4.792099044157422383e-01 -1.257411424098915931e-01
-3.357673325235296380e-01 -1.010099890913237708e+00 9.160432122613680894e-01 -4.762166432291172757e-01 2.952336888681258209e+00 5.873934844869881378e-01 2.336952050490025135e-01 1.670705363685799583e+00
-6.892144844243690560e-01 -1.066729922252094287e+00 4.145163278115959193e-01 -2.897375606270486403e-01 2.942056444809167282e+00 2.407374046402029344e-01 6.026247530239610128e-01 1.395871599741173696e+00
2.858685622999174725e-01 -1.028843554799240501e+00 1.352134346567957390e+00 -8.251836955347895408e-01 6.968687512166221731e-01 2.819770272010567957e+00 -2.462195019089348236e-01 -2.313691966452459670e-01
-4.847594028668978372e-01 -7.427408545014921870e-01 4.480976237584811672e-01 1.067597899312902610e-01 2.241068656425065697e+00 5.338231210156432205e-01 -1.784264892793195612e-01 1.630358010122061163e+00
-7.096655983536575008e-01 -2.640462026950068375e-01 4.746164726370680764e-01 -1.047123400937621795e+00 2.303524351391548652e+00 2.459105277121430566e-01 7.987284747674583407e-02 1.430172431410980494e+00
4.832760198322504919e-01 -5.736008850779555912e-01 1.253668591200127302e+00 -8.071091184991328049e-01 1.037763811515791890e+00 2.736954508535777819e+00 -7.293262185077625803e-02 -2.326836472602370476e-01
-6.942710628927627470e-01 -7.691425799116969886e-01 4.960053864073554752e-01 3.459791415576828344e-01 2.147944565575389930e+00 8.101624256255559597e-01 -6.681919575742853272e-03 1.613097934073477013e+00
-1.015014359599791360e+00 -4.913616071336659452e-01 2.508405079250093372e-01 -8.195917684428011274e-01 2.072503603786612025e+00 5.707419323920812637e-01 -4.817456006556408155e-01 1.257509849059708085e+00
-1.634287804446882542e-01 -4.370789092156568967e-01 8.073133314312269659e-01 -8.778536326587692562e-01 8.815185903032157766e-02 2.910942272935661990e+00 -7.532189784696553536e-01 -2.390714160383516917e-01
-3.542791902759973577e-01 -8.342595551995342085e-01 3.659384427639355009e-01 1.044666093036546173e-01 7.400891738824670885e-01 4.170185651284934458e-01 -6.286158287281219392e-01 1.682896292093928103e+00
-8.888076245237099826e-01 -5.771397369844224468e-01 2.072885408682449693e-01 -1.152514491236088290e+00 1.104645805577525897e+00 6.381074270145635774e-01 -3.758544958365014343e-01 1.109788218887060474e+00
-3.766459421484047998e-01 -1.194424020262652375e+00 7.407627069115124696e-01 -9.772802171316283815e-01 8.659699496629711390e-01 1.958896272845868092e+00 -3.651256504866956520e-01 -2.022248482670585823e-01
-8.645047466018400684e-01 -1.278033684479327636e+00 8.324794849784916684e-01 -6.899058757069470582e-01 1.700744919374326702e+00 -2.066248907848143856e-01 -7.279278080565981801e-01 1.949161166863474792e-01
-6.886516306139873755e-01 -1.481473214680587569e+00 6.109565940700657505e-01 -8.967177303603421912e-01 1.713936448086597286e+00 -4.345277027178242601e-01 -6.263416190811865736e-01 -2.777363316928687653e-01
1.770485464696055500e-01 -1.398226186524753389e+00 -9.928410368668741381e-02 -1.198348888999427375e+00 1.716552326226167491e+00 -3.588513560908956346e-01 -6.039503401012467076e-01 -2.534817984804154101e-01
2.746214455884227745e-01 -1.572192785912510438e+00 -2.805680652784304022e-02 -1.425012012694099273e+00 1.999241001739781254e+00 -1.841100297386252249e-01 -5.969668132037417863e-01 -1.629998559507228051e-01
2.535655056864517531e-01 -2.397781033115458982e+00 1.348661500711138272e-01 -2.169982288873640641e+00 1.198065553481282741e+00 2.952028610596552083e-02 -1.020284697078833458e-01 -9.241351447089268811e-02
1.995705242032683735e-01 -3.835792630221257049e+00 1.745649133348578241e-01 -3.704332206492163770e+00 -2.109815372361961039e+00 -5.619985539177259071e-01 1.659596399674589939e+00 -3.714503066277872190e-01
1.597961381431992067e-01 -4.819269678021871783e+00 1.471283497977263488e-01 -4.795342285217405909e+00 -2.464754255318332810e+00 -6.189017832948685571e-01 1.929173944862965673e+00 -1.026666217876037873e-01
1.660884055254364111e-01 -4.841232962069662804e+00 6.091344683460982179e-02 -4.811131255830080278e+00 -2.606729988642270790e+00 -6.754326271331422271e-01 1.344237574179936612e+00 1.080186157273220759e-01
1.241222189221594385e-01 -3.557076014402080322e+00 3.670645719115793459e-02 -3.498561985316687828e+00 -1.870722263956003717e+00 -4.678518641190044791e-01 1.299299162315612488e+00 -9.753080711567677086e-02
6.438444968659076673e-02 -1.960964545709537932e+00 -4.782573249542053373e-02 -1.839169523090681935e+00 1.046794299327561184e+00 4.351320601212602113e-01 -1.086698051763523298e-01 2.657708435661029767e-01
7.861955751836496864e-02 -1.041760189240441115e+00 -6.468911365019897053e-02 -8.344945571111366256e-01 1.873550725477748369e+00 2.670433814880858181e-01 -4.020837137644885928e-01 2.880223622319993265e-02
1.657853522857718753e-01 -1.069072005150825122e+00 -7.996859778997252033e-02 -9.536562728206016137e-01 1.936824937878795838e+00 -2.422328396439712983e-01 -4.856765987126738793e-01 -1.649111819569556714e-01
1.368560038502057707e-01 -1.214894055820533891e+00 -8.213530586582203086e-02 -1.098503919888622837e+00 2.083106725921077373e+00 -1.766030316671091394e-01 -5.702661591454722956e-01 -1.501247165001884654e-01
8.861946075619789309e-02 -2.069912879625246394e+00 7.244106506998473916e-02 -1.958019253703747520e+00 1.481864575479033608e+00 4.138274776312632630e-01 1.931080923784858905e-01 2.604096366764597770e-01
1.095132606417510701e-02 -3.617461744210811680e+00 9.410136895567897120e-02 -3.569183148143411977e+00 -8.947436919477046446e-01 1.522913926117753780e-01 1.730186668239273251e+00 3.561907818638726519e-02
6.335526439199646448e-03 -5.000000000000000000e+00 5.593197252114964768e-02 -5.000000000000000000e+00 -2.960206317910290055e-02 -8.089902820254427085e-02 -5.392925349077536401e-01 9.097598934130479709e-01
2.787450190392238430e-02 -4.456441448071688960e+00 -6.039903796408472442e-02 -4.411648586609434375e+00 -1.680462783885445344e+00 -4.536408019336487518e-01 1.851736192607236209e+00 6.519973683310049950e-02
6.762213960293195214e-02 -3.036860233698947642e+00 -6.002441873973980019e-02 -2.911719822372228705e+00 -2.903738366456601883e-01 -2.024886820434496359e-01 1.080421067688303927e+00 -4.153988435569257870e-02
8.844630780189186026e-02 -1.472819304128304640e+00 -1.242488422702530543e-01 -1.295101779229967720e+00 2.194827037495244326e+00 1.917170343355154016e-01 -4.617408163119545716e-01 -2.482406151527521976e-02
2.309465514968248728e-02 -1.058215675588108029e+00 -9.498520230576316947e-02 -8.537835316260712348e-01 1.777770224676060939e+00 -2.884098730973885250e-01 -4.951315650104869404e-01 -2.393466705344360623e-01
1.207657264447291046e-01 -1.095263709676373320e+00 3.008434925320017245e-02 -8.970217805756764973e-01 1.512866458107918755e+00 -3.386188514300660923e-01 -7.667833853107813846e-01 -2.080351223180942621e-01
5.401574055750935077e-01 -1.143648321083603925e+00 6.790421014782510589e-01 -8.064072422013379704e-01 1.271462586039374676e+00 -2.016063235555230759e-01 -1.001278889149017415e+00 -2.765283520683416985e-01
7.132493223976079655e-01 -1.154794829501955444e+00 3.872227090100474056e-01 -1.137669050117264158e+00 -2.087396139159560238e-01 1.784006523819307910e+00 -1.235292649445842494e+00 -4.323079226851845869e-01
6.258419962017024163e-02 -8.152092608219324577e-01 -5.185838020113691105e-01 -2.757115763163384692e-01 2.142809410115899205e+00 3.790095158199878966e+00 -1.087484081449605178e+00 -4.911768127421292651e-01
6.166963331755809241e-02 -9.311502400922890832e-01 -1.270227896693676140e-01 -6.852856108689457937e-01 2.435626760381687461e+00 3.131269395311533810e+00 -1.284922176111296110e+00 -5.193803402714007866e-01
-1.422418020292285090e-01 -6.313986325355036566e-01 9.511688471983065218e-01 -1.170476537231194047e+00 1.608398363793303032e+00 5.965560291375657798e-01 -9.381984102670617442e-01 -2.869688875802475225e-01
-6.680585227254571823e-01 -7.965170520526705378e-01 1.308157865601063119e-01 -1.222528274984967744e+00 3.017493803770172622e+00 -6.058446767362740681e-01 1.135475982478704876e-01 6.424313529966829694e-01
4.666590273595258020e-01 -5.660968388691686171e-01 -1.045768413438922934e-01 -1.084824545609865964e+00 2.925759728910473534e+00 -6.878811189515704472e-01 -1.868429656303514652e-01 1.880054561997806184e+00
1.659365316879515717e+00 2.289349909202985867e+00 -4.913823802002462715e-01 -1.298639654155491208e+00 2.917654492306029912e+00 -8.585999046160646131e-01 -4.099766321119412416e-01 1.873286539682319951e+00
1.079766321081933933e+00 3.472482849528116255e-01 -3.226696890050977373e-01 -1.204428811276881728e+00 2.620109106119042686e+00 -6.448013355194894825e-01 -6.329178935857927568e-01 1.680460706855848363e+00
-9.056314899590978129e-01 2.820627028426532235e-01 2.306997070127751043e-02 -3.754472604743004371e-01 1.659669980647005216e+00 -1.917961163262264790e-01 -1.334197741892453326e+00 3.432969347653933578e-01
-9.245081498272931242e-01 -5.286508152044787634e-01 -5.728620614952704138e-01 -6.320670849222808085e-01 6.433356462632860984e-02 1.351686028233883841e+00 -2.357075104208351757e+00 -1.793416810377705950e-01
-3.915897392697420543e-01 -1.247121760571118454e+00 1.004000401940990050e+00 -6.614088323930915614e-01 3.119838431596617667e+00 3.089305848520806475e+00 -2.416567141973343436e+00 -3.890721141865998711e-01
-4.698329637245460266e-01 -9.889745901952271545e-01 1.633624524074626994e+00 1.948369697470542228e-01 4.664103638058437973e+00 3.267543080837752356e+00 -2.187541145231979289e+00 -4.773500581487150063e-01
-7.528838359001494007e-01 -7.040641084527134996e-01 -5.670058189846176600e-01 -1.113645115665305108e+00 1.433261077767603364e+00 1.861173230357493491e+00 -2.104059594944426959e+00 -3.590379725309633674e-01
-6.454171733166400582e-01 -6.280466992163813433e-01 3.939158953115641237e-01 -3.714134554822467460e-01 1.397645774176032862e+00 -4.237149269007631225e-01 -1.453362964690360082e+00 2.368402361018026592e-02
3.441099883798278691e-01 -3.650123428545266613e-01 9.466826224552699065e-02 -5.814021479727311537e-01 1.427600584983535148e+00 -5.584483694130714104e-01 -2.314217146382652746e-01 1.712207952028558910e+00
2.652951471227518621e+00 1.365115202511550940e+00 -1.007429502633594653e+00 -9.765516507793439160e-01 8.717448322288159357e-01 -7.047542828631857548e-01 -7.326645386346380961e-01 1.888986349603367421e+00
2.646027202675989898e+00 4.033252612954051353e-01 -1.083651276245574335e+00 -1.174156879339466109e+00 5.633517819723058428e-01 -7.014934816856072120e-01 -8.923060146067712806e-01 1.637643422573234808e+00
7.885702036202701937e-02 1.677504355328099939e-01 1.736687901082590302e-01 -1.127674346063723299e+00 7.422301542862748125e-01 -2.500706199289872145e-01 -1.186519880641594193e+00 -1.456310380295386744e-02
-8.712837487882519882e-01 1.844098807337509957e-02 -1.540759082873441876e-01 -4.829050266136526437e-01 5.324834291477391623e-01 1.768161687802565440e+00 -1.241833834891286958e+00 -3.541834841454755134e-01
-3.466781028225515149e-01 -6.001041205824111380e-01 -1.798158044457511678e-03 -1.143936163452557775e+00 2.875944330007069283e+00 3.691651263990365806e+00 -1.076254851495708209e+00 -4.532142621698667107e-01
-3.495213391996448982e-02 -9.082079086871892581e-01 8.525396588747984339e-01 -6.771220609592405459e-01 3.112823050393354496e+00 3.328916061095521961e+00 -7.829869280141272814e-01 -5.072374955363850857e-01
-7.310731084693424808e-01 -9.962658152408953027e-01 -2.990390487530759089e-01 -5.375229770389629014e-01 8.610914956822712796e-01 9.323200108565123934e-01 -7.395222566346059123e-01 -3.309575980828276531e-01
-9.719463681664852750e-01 -8.010076486014404695e-01 -4.600918248616293060e-01 -5.898960774758486014e-01 4.806774679000283546e-01 -4.032272824361957664e-01 -6.838497360616015985e-01 6.680158552488557611e-02
-9.368528030133288498e-01 -6.202759264840802533e-01 1.216845020673333472e-01 3.341696289944764281e-02 8.690663168145150441e-02 -1.804002806371619583e-01 1.656338707701081048e-01 -2.114426846626680789e-01
-9.160303421565642035e-01 -8.481569871720816556e-01 2.776646312830056140e-01 3.273846379545335417e+00 1.211307933993656244e-01 1.368537989740759575e-01 1.349687012930850805e-01 -3.297196888250364388e-01
-6.918935888858168681e-01 -1.520295225174587150e+00 -9.378156134067759941e-01 4.666772911951573732e+00 5.312798594949885711e-01 -6.170810158357636997e-04 3.787163493569575823e-01 -4.150620754786439326e-01
-4.636612062455933159e-01 -2.153966037943355172e+00 -2.074841183697653246e+00 4.780651439577740192e+00 4.976834905164324585e-01 2.730682564517290453e-02 3.707149473349292124e-01 -4.608404308554981399e-01
-3.027735137135516008e-01 -2.308262781343773273e+00 -2.573057250580986111e+00 4.594125469042109167e+00 3.359692148873860140e-01 1.174586762332063827e-01 3.082594923192959468e-01 -4.390658866812949812e-01
-2.900205211858082333e-01 -2.339924129775399653e+00 -2.543425610663259118e+00 4.648396448759054778e+00 2.676872970593001111e-01 1.441117904102133251e-01 2.965921608413205623e-01 -4.844232645935495629e-01
-4.025499650002922758e-02 -2.587207969892419079e+00 -2.923061533300050474e+00 4.571104215015571626e+00 -1.388618685613886850e-01 4.237932628979351191e-01 1.938829757683127597e-01 -4.973688122797133015e-01
2.337181369938510361e-02 -2.567084468794220697e+00 -3.126881026029819655e+00 4.398982939023272642e+00 -1.178382807673597835e-02 4.389319667976019357e-01 2.628910201736178731e-01 -5.021119231774807679e-01
-4.327258155169387555e-02 -2.638983718517240895e+00 -2.999574003234834585e+00 4.553603474151442398e+00 -1.304436744363918210e-02 4.483692773906663986e-01 2.595082886659906274e-01 -4.934004372987323972e-01
6.202732150747206075e-02 -2.395415847919415864e+00 -2.963334439531521980e+00 4.531711137294531788e+00 1.831383866616439760e-01 3.711747671559196271e-01 2.660470617386174741e-01 -4.357888371637416158e-01
-7.093972610719638805e-01 -1.524625505781401991e+00 -1.393639858696200662e+00 4.743473636379340164e+00 5.344593550042191499e-01 3.568923128047525595e-02 3.725664800233758900e-01 -2.865479101156478414e-01
-1.563432022606215277e+00 4.758216704004663011e-01 5.433434189359072075e-01 3.635005376606586402e+00 4.984049567778754408e-01 -2.663321025162566080e-01 4.098226540996324219e-01 -2.446030010452235615e-01
-1.228922141221504116e+00 2.638638442754152713e+00 1.476239690968931040e+00 1.448298589858286745e+00 2.908955876860617740e-01 -4.039882041906125987e-01 2.451810602991245647e-01 -2.757737327903064806e-01
5.448135333195957587e-03 4.263971167233417070e+00 1.112378988597355622e+00 -8.731262469263973980e-01 3.955894462547285967e-02 -5.966265246925741561e-01 6.200666818677519343e-02 -2.834820853049827560e-01
1.561065872517343189e+00 4.453924556361249287e+00 1.078012113261596211e-01 -2.210403294368942007e+00 -1.796445278856662608e-01 -8.689935805952551107e-01 -1.341617142486985770e-01 -2.824863116867951662e-01
2.034683877998352930e+00 3.650756388630220339e+00 -3.034344811709843159e-01 -2.429547036225780055e+00 -1.452159056916627888e-01 -9.953891851623370979e-01 -1.430912218855611984e-01 -2.670396770241785789e-01
1.606627223809100835e+00 4.025677271084131981e+00 -5.674945555846598599e-02 -1.960854170302240185e+00 -1.526089082808314012e-01 -8.956581433531990433e-01 -1.404612969013712964e-01 -3.373186264508948318e-01
1.350578893262416980e+00 4.227977788020936600e+00 1.855568434156056878e-01 -1.698470376113736968e+00 -1.533983779164803107e-01 -8.313547352534610413e-01 -1.257726512251369499e-01 -3.156130185631442764e-01
2.154933909572830153e+00 4.037014198437905321e+00 5.421679329584635360e-02 -2.202119639214033420e+00 1.396666975481198388e-03 -8.473708911063670968e-01 -2.449751213875502043e-02 -8.978044271824253686e-02
2.412021655820157484e+00 4.071597637444723361e+00 -1.711413348125939149e-01 -2.352869395088382554e+00 -1.341417138259430042e-01 -9.473840586600228431e-01 -8.695325956321467431e-02 5.647003721044253216e-03
2.028820295785650707e+00 4.408552344509612197e+00 6.472866861960868690e-02 -2.066762831251958588e+00 -2.781404349441387591e-01 -9.977116115809759878e-01 -2.113052301229134400e-01 -1.401525061514065917e-01
1.855058318290741415e+00 4.474921744339619423e+00 4.558308236323378448e-01 -1.893953384665522099e+00 -3.339378790103072481e-01 -9.332295238430432516e-01 -2.478197092111338318e-01 -1.795607561402691177e-01
2.309941444445024139e+00 4.348842706932071422e+00 2.887178684223442038e-01 -2.200909569851700276e+00 -3.276495934868812188e-01 -1.024680788367420714e+00 -2.722190327038240820e-01 -1.292640074399909189e-01
2.082187900151322157e+00 4.485010447568916092e+00 7.264311044045601573e-02 -1.996788721908401065e+00 -4.940020595195490083e-01 -1.133587867797526405e+00 -3.700458676032697958e-01 -2.217318547342137514e-01
1.263502805099520954e+00 4.853037744518776009e+00 2.235897567839664479e-01 -1.584288158948647496e+00 -5.533046046548877328e-01 -9.111333537568342411e-01 -2.603601003423831051e-01 -3.540333453294295385e-01
1.471046674266215590e-02 4.036298727290841271e+00 1.160894843628866857e-01 -1.329791275861828215e+00 -4.627439257653449545e-01 -5.264814781697559898e-01 -1.732710292619468462e-01 -3.951689276774097426e-01
-9.390495833046063057e-01 1.262965944701798016e+00 -2.002210536013115660e-01 -1.446767653190852210e+00 -5.106771104765382707e-02 -4.134651759390657322e-01 -2.851177360909122604e-02 -3.231528328970629804e-01
-9.413573408385778052e-01 -2.462581338341923443e-01 8.251071004308996315e-02 -9.958543309979355218e-01 2.811544420961667456e-01 -4.079968430301084137e-01 2.018973899831137675e-01 -3.046585274636299800e-01
-1.075248254021609062e+00 2.626826756761403425e-01 7.654210678038174676e-01 -3.847216937330332209e-01 4.321930886818261541e-01 -4.709971572924869787e-01 3.089525743399514912e-01 -2.850268959661620971e-01
-8.434415504955390386e-01 -1.051442852092734581e+00 1.242063432931779010e+00 -1.043740616869267779e+00 7.541845620121633287e-01 -5.922237275665346301e-01 4.904165575736712523e-01 -2.330523705290559189e-01
-1.157419219196685445e+00 6.330447047937690641e-01 1.605297195768460083e+00 -2.832939613306471871e-02 9.991347424925257625e-01 -6.831655302392178886e-01 7.138557547276933590e-01 -2.505521289686155617e-01
-1.618313968359853527e+00 1.165145917394436736e+00 1.346348788416631415e+00 6.248822760932042364e-01 1.021124151448503659e+00 -5.929507124560311482e-01 6.804212909096214457e-01 -3.372133820847449392e-01
-1.887300893758760756e+00 4.150185240834796119e-01 7.827370810209932639e-01 6.590181344326111468e-01 1.109962678662791857e+00 -4.632971688566050461e-01 6.772297582233237634e-01 -4.757036829943280809e-01
-1.883867428604025784e+00 -5.245996237791002159e-02 4.567099258760888292e-01 4.015944774578627391e-02 1.311738372531408459e+00 -4.656531232622735939e-01 7.928817255237413653e-01 -5.906396078499469571e-01
-1.983672677643189219e+00 3.651021603574852170e-01 6.803183599884511379e-01 2.895972379968020372e-02 1.179065590869535995e+00 -4.512009253409333676e-01 7.305656033138636651e-01 -4.332781825176388324e-01
-1.609016920992416333e+00 5.565929023610048931e-01 1.098015327895810245e+00 2.434162302015095355e-02 7.254731771396447648e-01 -2.114643694980204991e-01 3.740795860464260492e-01 -3.373495373836102318e-01
-1.733086063639990515e+00 5.717214067524489796e-01 9.185752410616734309e-01 -6.875617245095876073e-02 8.024374595459824455e-01 -2.496879102233804937e-01 4.149742397000560912e-01 -3.638711176533858671e-01
-2.017301343192783758e+00 1.463094034181985081e-01 4.185271332976515657e-01 5.872346267255682678e-02 1.291548125694322646e+00 -3.427705975312738684e-01 7.160383673097745483e-01 -4.586572849012603981e-01
-2.057621936476830449e+00 4.424275382307704674e-02 3.867215356261950454e-01 1.202959756744746145e-01 1.420682254953393509e+00 -3.564733222791343636e-01 7.535469633053775151e-01 -4.522555326059649605e-01
-1.336701247426752337e+00 -1.656633194167654310e-01 7.273333090462805739e-01 -1.383400299167084346e-01 8.002825181845563129e-01 -4.110217216648076044e-01 4.406239764364244804e-01 -3.044325832649724672e-01
-4.163328269209651822e-01 -5.376341085108651274e-01 1.309613409787030669e+00 3.103003095276459788e-01 2.116561195413907415e-01 -4.099766297764200207e-01 9.498453562250172566e-02 -2.574744606228155930e-01
-1.889660667737553812e-01 -2.583630375561941084e-01 2.260105753245754023e+00 9.157144222799400435e-01 -8.553236151938226062e-02 -5.163539816973495844e-01 -1.162242603073051772e-01 -2.318914932781903082e-01
-2.223346471956003378e-01 1.219308791968540390e-01 2.428169992274908484e+00 4.330146878955273282e-01 -1.098856758475913742e-01 -7.398482722138516321e-01 -1.669946200087622790e-01 -1.316804573387707622e-01
-3.293326443465017239e-01 1.874986993170877914e-01 2.333543098946032401e+00 4.179896299235163482e-01 -9.127707040263242921e-02 -6.538056444264028766e-01 -1.163591338784590590e-01 -1.624751060691501658e-01
-4.625557021741408814e-01 1.577862332554254635e-02 2.007515313394355960e+00 6.312395585315033752e-01 -1.096823793973645406e-02 -5.616691005573705153e-01 -4.877731352367491863e-02 -2.394850337570667009e-01
-1.094619126155921447e-02 2.607399824930650145e-01 2.230344564736351565e+00 6.043785434225794617e-01 -4.179459148886168762e-01 -6.222684838461137735e-01 -2.932574091464502097e-01 -2.712016133219247727e-01
9.200512032946450702e-02 3.239632694709135285e-01 2.397847426534914561e+00 4.030662826996954662e-01 -4.864397240250729060e-01 -7.097286912802914793e-01 -2.057983677984748794e-01 -3.396281147094849517e-01
4.694059196941410654e-03 3.684441812623391599e-02 2.123280376199900399e+00 -1.673148542808641087e-02 -4.199648495016312100e-01 -6.008964365041667977e-01 -8.365167150489939696e-02 -3.688519483432261548e-01
9.689495685542265369e-01 -3.917417008447960924e-01 1.380312583672513638e+00 -5.744569629828362167e-01 -9.196050049918362834e-01 -4.084114452111823335e-01 -8.485537243856826339e-02 -4.972647945378775303e-01
4.043346289488741974e+00 1.619293566797393447e-01 -7.183084087518483152e-01 -2.440326456956251888e-01 -1.887919911974557774e+00 -1.147193629239741386e-01 2.038007521360309382e-01 -5.815608706515565940e-01
4.777304528099112879e+00 1.639777715187236584e+00 -1.829297391344827162e+00 -7.715612120066599466e-01 -2.535569186247221385e+00 1.190725765129980671e-02 3.212966129443068919e-01 -6.372110985082991563e-01
5.000000000000000000e+00 1.543214312839738422e+00 -2.175543307089654821e+00 -7.345262366674204513e-01 -2.988308630501974150e+00 3.360325302141623505e-01 -8.082265445131851453e-03 -6.651629227283171186e-01
4.873726678578302440e+00 1.406201588176958506e+00 -1.837094065300553414e+00 -9.157946271450078113e-01 -3.218102840427110145e+00 5.901942980376355674e-01 -2.861265813026716565e-01 -6.687120375187382004e-01
4.727224197712703635e+00 1.741565037005764482e+00 -1.575897785000962337e+00 -8.287240951951972967e-01 -1.781700442878789703e+00 -3.955510089179691269e-01 3.228957968156137559e-01 -6.023197698936837430e-01
2.876754545807973518e+00 -6.487757605320063625e-01 9.697478803834673755e-01 -3.361118909791848686e-01 -8.366368352793641661e-01 -1.532155659567959773e-02 -2.581462000158823433e-01 -4.998186263598367041e-01
-5.883939358930713182e-01 3.513863964501657833e-01 4.002459673123274220e-01 7.453229503596990879e-01 7.244274563786768928e-01 -4.183271429362551697e-01 3.261976772827552273e-01 -3.328789824084361082e-01
-1.070688796689078348e+00 2.618789957575203275e-01 -3.707256667911931203e+00 1.471113536977147973e+00 1.079737205418880519e+00 -8.371898316302914811e-01 1.133670250112934541e+00 -2.107516045241033531e-01
6.487112183014559497e-01 -1.108039280090045597e+00 -4.692667242479558354e+00 2.999123484625148883e+00 -2.223965829410862460e-01 -7.217640119902629658e-01 1.019188320180052454e+00 -4.813378137938587598e-01
1.317238128290503463e+00 -2.054165863728488528e+00 -3.505284109422842853e+00 3.092199639511536979e+00 -1.348557679585604463e+00 -4.090501124763080143e-01 2.759924707404256550e-01 -6.554860835143707654e-01
8.662769805765845321e-01 -1.784150413160642268e+00 -3.270839455702451382e+00 3.334851187874730449e+00 -1.376387272360803715e+00 -3.994541572616887581e-01 5.728407209940398204e-01 -6.127644759282574460e-01
8.648877731436809269e-01 -1.800596448568499763e+00 -2.467599574902490378e+00 3.039731320501877665e+00 -1.037092317946095799e+00 -5.532466248887888405e-01 6.616107042127478133e-01 -5.810827324939198402e-01
5.682446074728311203e-01 -1.519108607176276493e+00 -4.313753371999408337e+00 3.115119182789884977e+00 6.855673560244992526e-01 -8.587021240887160456e-01 1.058367447800591776e+00 -4.729190004764549649e-01
-9.417847455014660696e-01 -8.055752528079178632e-01 -1.502035860339646867e+00 -6.043245766623751569e-01 8.833164395038766159e-01 -6.299827830081667912e-01 4.147081476680777312e-01 -3.485525425691614609e-01
1.002360832530953871e+00 4.578354818384589575e-01 1.380326452621500666e+00 5.218990615213964235e-01 -3.012206000082409685e-01 -4.097999945276784017e-01 -1.254406210028168323e-01 -4.730038828789908667e-01
4.014658103138261325e+00 1.366058896353275820e+00 -7.845341511313103089e-02 -2.385236741784016734e-01 -1.440198756453425544e+00 -1.973748462656473024e-01 -4.297475277359009971e-02 -5.442476949911793094e-01
4.737862931488608709e+00 1.925228300638126111e+00 -9.023362020693965757e-01 -8.915532048165996093e-01 -1.686148046110449217e+00 -3.786876580757284616e-01 4.861521769034962137e-01 -5.773363765137912162e-01
4.794001765655016456e+00 2.032582576039289712e+00 -9.941094803433290217e-01 -1.138780294142703875e+00 -1.297030036783319407e+00 -6.625114724731741012e-01 8.537711119676517635e-01 -5.484591869112152018e-01
4.655500459430627735e+00 1.911870272304338814e+00 -5.270714411897858831e-01 -1.184153747451479166e+00 -2.006464654880045551e+00 -1.658900220553557459e-01 6.173541897314711591e-01 -6.334694037005640377e-01
4.609987127138112761e+00 1.801957942528054524e+00 -8.202737491139512338e-01 -1.044647357369091090e+00 -2.003649945682780320e+00 -2.508225463698106061e-01 4.652317874223022565e-01 -6.269727106833572483e-01
4.466356822680547012e+00 1.796997249232461513e+00 -7.718165475627325467e-01 -1.073317525360717006e+00 -1.521021442227374010e+00 -5.393169729116422673e-01 2.799466421969469820e-01 -5.944966053432075848e-01
4.123823571206087557e+00 1.125017226963064276e+00 2.362032506843546598e-01 -8.618385179357579418e-01 -1.293410996285843773e+00 -2.681990389647610495e-01 -1.948327444015323928e-01 -5.555309214068727686e-01
1.773383264884140331e+00 -2.209177139611198104e-01 9.017540971606284872e-01 -6.824716135023503050e-01 -2.148693750173920614e-01 -3.781193178077869033e-01 -1.065149714327743857e-01 -4.783855743946794359e-01
-3.649008506299495358e-01 -3.831077422765555296e-01 -3.928217486132087322e-01 -4.233075776439671478e-01 8.753357256343188286e-01 -6.778550241960343836e-01 5.588735209946169569e-01 -3.001396434904802790e-01
-1.011080074067770340e+00 -1.345318425331630596e+00 -7.406147219772944990e-01 -7.935040435612522591e-01 1.051705629111685303e+00 -6.529061130670709145e-01 5.587194946453372113e-01 -2.107849687054468846e-01
1.917551653043132742e-01 3.924090757805608343e-01 4.043202862806762887e-01 -4.974583198387389493e-01 -8.890757375419031799e-03 -3.491940691926854745e-01 -2.501434473932823491e-02 -4.293049010394014431e-01
8.479940489568025264e-01 2.048250134034685477e+00 3.499694512171324101e-01 -6.794679003430313946e-01 -7.742732375978156334e-01 -7.424372277715933499e-02 -2.387670243561714756e-01 -5.429715150547882452e-01
1.141167397312009113e+00 1.380936075752746905e+00 -1.940009152865310504e+00 -9.914171745816124925e-02 -1.160583743383225341e+00 2.805236766634569001e-01 -4.000965764828221527e-01 -5.416484780695983714e-01
-6.047161272800753995e-01 -5.229767509706677586e-01 5.851486864287611667e-01 -4.309791649276744074e-01 1.649791958391207819e-02 -2.383234988863206297e-02 -7.173082157447877028e-02 -3.791668775253679291e-01
-2.300447199925123587e-01 -4.102613424538316123e-01 -1.109383003168508353e+00 1.491991406282668631e-01 1.141175326716368010e+00 -6.981607179992821433e-01 7.826126199511639348e-01 -2.055835909639311399e-01
1.772137545334899311e+00 -1.345641268864037343e-01 -2.479369111736674292e+00 1.229753210168993194e+00 1.041564119285571355e+00 -1.011841613724519195e+00 1.537128565387475554e+00 -1.218983737586745997e-01
1.649919019348506932e+00 7.571707222770772752e-03 -3.120862059771108310e+00 1.100469471632543605e+00 1.227858011862286824e+00 -9.477389646690683733e-01 1.275680497287069448e+00 -2.142339909518373164e-01
-1.087953156410851774e+00 -3.373238894909912911e-01 5.806759503804190814e-01 -3.736114175371085810e-01 6.971074385565503295e-01 -4.628580340020947981e-01 2.720222899006617956e-01 -2.367599651808589556e-01
7.330522154067499185e-01 8.167744750396049858e-01 -1.900670917224324408e-01 -5.087078171297040319e-01 -1.055974287948293178e+00 1.268808583443183924e-01 -3.058951724168739172e-01 -4.932478452340581798e-01
2.474614314624031142e+00 1.042971868302274396e+00 -3.073850420348832380e+00 -6.005785914471150067e-01 -1.786322870910906246e+00 1.329044474287179312e-01 -2.798348205861038718e-01 -5.878757779454136800e-01
2.406475923812812390e+00 1.303305356087443023e+00 -2.013721355918242750e+00 -7.845812698042409217e-01 -1.113221870192892649e+00 -1.363003468680204500e-01 -2.938012164612541777e-01 -5.255139524916336846e-01
-1.453846832915379306e+00 5.183235968284605200e-01 8.249106636704707229e-01 -1.128856282665919419e+00 6.174757125381483691e-01 -2.130745306312247789e-01 1.575737676761899686e-01 -2.922006856047529855e-01
-3.851251726042964063e-01 -7.908590894200167032e-01 -2.070253831818051005e+00 7.457052673564423806e-01 1.139216289115071445e+00 -6.806623797929313158e-01 8.393968788819500260e-01 -1.571032275479743445e-01
4.423248481640754126e-01 -8.191776054375223826e-01 -1.797359959857146583e+00 9.747492160468712585e-01 1.156325893029934937e+00 -8.732156536936470648e-01 1.377476855106420039e+00 -8.269227145677597590e-02
-1.981492913281729662e-01 -7.241519060005198183e-01 -2.755443149460492513e+00 7.924373887093043578e-01 1.334477169664066709e+00 -7.709254451672094000e-01 1.030915449263016370e+00 -2.029512551858694558e-01
-1.394054001894012629e+00 -9.437654945640068238e-01 8.612915960924354408e-01 -7.445782882704726768e-01 7.195571087604650806e-01 -4.431677014242080825e-01 1.899777827902050520e-01 -2.463791530520424433e-01
3.984528408353023021e-01 6.931848851848558812e-01 2.858533000497343601e-01 -8.325570034257546714e-01 -7.290370327932573780e-01 3.780190334123362250e-02 -2.888831924108775095e-01 -4.733564147068636263e-01
1.838994504689291931e+00 1.363313223321195977e+00 -1.491671460800142235e+00 -1.083928264725991353e+00 -1.180439827944412379e+00 3.341267503660503291e-01 -4.601829351873695240e-01 -5.297438437763810626e-01
2.168148453607368076e+00 1.490062927420414240e+00 -5.676463910659597101e-01 -1.224092528583907269e+00 -8.501010530186656755e-01 9.180894839974523824e-02 -3.800814116258004471e-01 -4.899555855750098998e-01
-4.560006463723447756e-01 6.729472727393276399e-01 8.420529998219217216e-01 -1.389316589549109526e+00 2.485655138334957881e-01 -1.419023828472057158e-01 -4.756396309873651973e-02 -3.738099638208241537e-01
-1.591417922200365487e+00 -4.873019034332503052e-01 -6.308224481344021362e-01 -5.179356079356572939e-02 8.794188553842395839e-01 -4.521139496706554350e-01 4.375501017516291724e-01 -2.529614644463735740e-01
-1.425741646432455989e-01 -8.618559494086284190e-01 -2.556583382010544359e+00 1.572176510331350974e+00 1.310289585413392466e+00 -6.503980560860969096e-01 8.816916225472459789e-01 -1.804505494177183200e-01
1.618275907985657069e-01 -7.959716978221784700e-01 -2.554699884177079383e+00 1.215554822533336576e+00 1.374662660285052240e+00 -7.454568502392865392e-01 1.121247334227671644e+00 -9.857828294870368824e-02
-7.980544192469595233e-01 -8.066498596677450506e-01 -2.211740160734154248e+00 5.279750163583184497e-01 1.300373027146323857e+00 -5.720329284505468737e-01 7.994138462955688862e-01 -1.239966373103765229e-01
-1.044447516261485243e+00 -6.209948979792219159e-01 4.863960959796064243e-01 -8.471575452608158807e-01 9.222222507354177479e-01 -4.068004663221968520e-01 4.600200387058571705e-01 -1.904833550076167892e-01
1.274403536923308065e-02 -5.148951473290745984e-01 2.145230889853379508e-01 -9.439529953079746072e-01 6.310935008112528166e-01 -3.404628907166966645e-01 3.361881903460279264e-01 -2.409295065493525234e-01
7.542810811981295882e-02 -1.038160081242615718e+00 -3.413135752869426165e-01 -1.266362000690821388e+00 4.875739557867992957e-01 -2.683924382070174697e-01 2.263546835256279033e-01 -2.689738182426537616e-01
