-1.141412317001745613e+00 1.755408913652724667e+00 1.613359783180760676e+00 1.734600640310026698e+00 1.674532095562036638e+00 -1.935360612264660940e+00 5.541003855176965809e-01 -9.981664008708500679e-01
-1.371926220436811006e-01 -3.564574921528401719e-01 5.988411215196691728e-01 -2.693285706571567351e-02 1.909692942631046719e+00 2.912575390476312420e-01 1.570818976889154853e-02 1.892434698833539708e-01
-1.059876483123318280e+00 2.666963259398198005e+00 1.444412974670608030e+00 3.260098116071882046e+00 -4.572545673004707045e-01 6.503790791453047948e-01 1.945263301919621712e+00 5.987164250410103028e-01
-8.734939032600592679e-01 1.460508788531511115e+00 1.436943915234278446e+00 2.154433754726186478e+00 -1.096752443737855076e+00 2.245106766736349457e-01 2.195543765226284361e+00 6.529700814120875663e-02
-8.271039930287772401e-01 1.954127874436515144e+00 1.471146949860187902e+00 2.314978039245404240e+00 1.196347004633800504e+00 1.424421316193687392e+00 1.010704370492340409e+00 9.684003860227069493e-01
6.963156179476565066e-01 -1.676420550410750110e+00 -3.101777848108863145e-01 -1.804461992638220158e+00 2.986364808873939403e+00 3.633771161497550278e-02 -2.715387070182180840e-01 9.943469877724021855e-02
-6.499643946967712527e-01 1.750649140336786314e+00 1.381344559558508545e+00 2.004610937230734358e+00 1.854076991013917652e+00 1.387314829865461618e+00 9.414181721909699041e-01 8.441350019588953479e-01
-6.409886122190817659e-01 1.630761518608920824e+00 1.671489906843291351e+00 2.007588681688387666e+00 -8.955966614228438871e-01 1.516216506269636444e-01 2.572847938539003287e+00 2.650697051081626343e-01
-8.928392285608626189e-01 2.231521358682354350e+00 1.493595735016137960e+00 3.227501624658985602e+00 -1.089586419298353981e+00 5.732741131686007741e-01 2.672709354052191344e+00 4.169451758580835499e-01
-4.932872925753553073e-01 1.294285659161049429e+00 1.502246491946846119e+00 1.547408861117802736e+00 2.393679599568317329e+00 1.015484547171989327e+00 5.989464692951008695e-01 7.081006482510060485e-01
9.055805670263016305e-01 -1.189536484241881631e+00 -2.013534217657703129e-01 -1.329790915185416145e+00 3.121728790293500921e+00 8.464295448899408769e-02 9.316527755826337076e-02 1.174062169280032236e-01
-9.105170496509296107e-01 2.665104574568984752e+00 1.630288726639841590e+00 3.205439769888425605e+00 8.461782656482177423e-01 1.720335240938446031e+00 1.960823983818238192e+00 1.121840784072558383e+00
-8.106830603514787459e-01 8.585525294851487077e-01 1.615840749032522394e+00 1.755858908034601207e+00 -9.445059491414652397e-01 -2.781666641819407482e-01 3.127204194162374051e+00 -5.922866560205519021e-02
-1.004731891228637375e+00 2.597761377903786251e+00 1.576225357064394039e+00 3.311899183719301476e+00 -8.481514728402719250e-01 8.819683341400135212e-01 2.429240554355346138e+00 5.069882322081906700e-01
-7.879614658594830123e-01 3.431038728289176887e-01 1.181314599537773402e+00 1.028507789777961950e-01 1.879034454524227904e+00 -1.884608401269858430e-02 1.127150540753971489e-03 9.756139812474451389e-02
5.165854756907466497e-03 -9.365593279766247781e-01 4.846939976948250739e-01 -1.142288593602441171e+00 2.132153596625260938e+00 -3.020177381746285139e-01 -7.797703961634272485e-02 -1.858013300006916280e-01
6.515219303904574710e-01 -7.749237547966829620e-01 1.056928251318118184e+00 -7.029681326447345668e-01 1.732969286501768291e+00 -2.343942416031741804e-01 -2.157277308659371617e-01 -3.018419527135902669e-01
3.233842142535098496e+00 7.577327038752730282e-01 1.279616449144847179e+00 7.647864922580525082e-01 7.841150537322014724e-01 -1.320320705679901285e-01 -4.708403596813394154e-01 -3.884416292891517686e-01
3.593540727884003694e+00 -3.300144626353195276e-01 -3.605875531375427046e-01 2.856992928164517886e-01 6.493247100470423971e-01 -4.586441384615150274e-01 -3.290483956960746914e-01 -4.534352998712677385e-01
2.684189999982220076e+00 2.243706070340525827e+00 -1.026202976907537812e+00 -5.867437656347764818e-01 1.382608922114035188e+00 -9.980366695040074898e-01 3.539905514096478023e-01 -4.351846020266152970e-01
3.568569852328225434e+00 -5.589652296958396160e-01 -2.610002253212263534e-01 1.228784187845518988e-01 8.111961590376641773e-01 -6.030393655288300847e-01 -3.121453379778935111e-01 -4.515158781445618441e-01
2.762921239747844648e+00 1.829677198954673178e+00 1.709904373910490438e+00 1.314227953981481622e+00 1.421607280983982591e+00 -3.002010937066685314e-01 -4.341853050498514777e-01 -3.144710313267157775e-01
-4.594531768482604250e-01 1.676686085387204761e+00 -5.673332365018985968e-01 1.695159953302600719e+00 2.289564294480056716e+00 -4.637293527869750243e-01 4.585725587715644945e-03 -2.441800609817213474e-01
-4.775603945004435746e-01 7.698929130969011103e-01 -1.995051425956623881e+00 -4.847495257847329042e-01 3.096204106585757732e+00 -7.109536894405454888e-01 5.784789845348193849e-01 -1.721045975845721110e-01
5.136206126691984508e-01 -4.495661623873850599e-02 -4.566057542125346314e-01 9.805395151654717756e-01 3.267817827049953827e+00 -7.949069512070003896e-01 8.494449964840136147e-01 -2.793780456748621299e-01
-3.261225564623177475e-01 3.282371944736791614e-01 -4.868304493011540446e-01 -2.311435134356082111e-01 3.112883622935278982e+00 -6.928326302068024134e-01 5.560940288957492150e-01 -2.037551847613315315e-01
-4.303133984871244100e-01 1.277192059358833287e+00 -1.071120365632336924e+00 3.168141255287627023e-01 2.053368760310132046e+00 -5.079589008474384437e-01 -1.595259868683431281e-01 -2.894481406439093352e-01
2.164437829902930766e+00 1.678250740977898170e+00 1.081446189101928690e+00 1.638114650624382662e+00 1.468009901279887508e+00 -4.351189401476398544e-01 -4.216216674169074308e-01 -3.459888977526893727e-01
3.434088412163396775e+00 8.988589261592129509e-02 9.800578679384515102e-01 7.223456988554277647e-01 8.633178180689400349e-01 -3.515250820470271487e-01 -6.588744402832087399e-01 -4.111542957387797070e-01
3.113031533606499757e+00 -2.015551885349950167e-01 8.528751928792706050e-01 3.801157212499137739e-01 6.330570419472647536e-01 -3.952811495101694605e-01 -6.492123754341334596e-01 -4.574443987794768463e-01
2.215098656635738905e+00 -1.167487553105839293e-01 1.092913603490564212e+00 -7.168486491657710680e-02 9.913213349376536199e-01 -3.860392825488144775e-01 -8.731071089885051872e-01 -3.061770883644875374e-01
1.076699649942154613e+00 1.376194392807161271e-01 1.305443268989316064e+00 3.437220285712494494e-01 4.137565182630040250e-01 1.414437949177719478e+00 -1.098880423047760901e+00 -3.513070501289076164e-01
7.895917633671208080e-02 -8.243834345381997886e-02 3.197937702550471273e-01 5.622962623735046073e-01 2.864054210239246334e+00 3.969426138874194709e+00 -9.818861164788814655e-01 -3.658977463451442702e-01
-1.324117793398272847e-01 -3.580326487877660835e-01 -9.567508658186199000e-01 8.158229259119844645e-01 5.000000000000000000e+00 5.000000000000000000e+00 -8.363202510785400223e-01 -3.361072122782882698e-01
-3.209077642838269462e-01 -1.654219068390611405e-02 -2.060155950491409094e-01 2.571661818613941164e-01 3.062970272151809947e+00 2.519293270006652818e+00 -1.031050786212645454e+00 -2.297017235526564727e-01
-2.559539223631208116e-01 -1.810284473382560155e-01 1.223362100832822819e+00 -4.606902450443957076e-01 4.004714099135612493e+00 -4.610520203592905486e-01 3.644819955533102479e-02 6.830984278150470379e-02
7.766250110157980613e-01 -2.382361475495697531e-02 8.039858868861724517e-01 -6.163480855335393693e-01 3.796033135487529186e+00 -6.282139772534076627e-01 7.091802106965671149e-01 1.419770902552263125e+00
2.593041402708742282e+00 8.663695068120742526e-01 1.940296680348771730e-01 -6.501737621586074489e-01 3.339295678288982216e+00 -5.749580408799382925e-01 3.950027899625736527e-01 2.334623624088813187e+00
2.621337754025403477e+00 8.411473987040252176e-01 -6.144425239229492353e-02 -9.364949284601844504e-01 3.119497964372116350e+00 -5.484513049877680624e-01 5.133308462906409630e-01 1.974149403782252898e+00
8.069657623328064799e-01 6.707413533808159745e-01 7.040916297726698136e-01 -5.979449322865305616e-01 2.662012019703832610e+00 -3.382880692165662895e-01 -3.482922591713922267e-01 7.234057304677753431e-01
-1.930782004511193140e-01 -1.290916827018633584e-01 8.280384268704497064e-01 -7.009396885035230618e-01 1.040376987534532782e+00 1.292394236439296851e+00 -1.312518551506881570e+00 -2.247076453202238588e-01
-4.262356962106989000e-01 -3.188686542865837859e-01 6.558129377892971124e-02 -7.840846183848866335e-01 2.422879055015641825e+00 3.725473643101249177e+00 -1.095746823860183738e+00 -2.998535947004318247e-01
-1.624729533723565378e-01 -3.362989875738661705e-01 1.347558539012370327e+00 -7.482867631388824270e-01 4.799178267372520068e+00 3.548530100430177914e+00 -9.819054154614205165e-01 -3.295356951779212507e-01
-5.159129913473822215e-01 -4.030219225597122534e-01 -1.133899280184270247e-01 -8.433819845797698722e-01 2.483026688440367558e+00 1.966057769099822661e+00 -8.772548550880698848e-01 -2.138839123725927716e-01
-5.156181902616616686e-01 -3.832603574527394530e-01 5.153306636090385640e-01 1.120650944713501990e-02 2.314519055869537656e+00 -4.400328346369360988e-01 -5.755622678083193167e-01 7.392778214008929871e-02
1.288835494922185632e+00 4.484118447439088828e-01 8.254372109269016988e-01 1.163696522532035177e-01 1.892123978175189514e+00 -4.876033239415367149e-01 4.769154937945532247e-01 1.724342210393375874e+00
3.187757419721225283e+00 1.723449335564885221e+00 -1.503142710779773461e-01 -3.580734777072023256e-01 1.503593229774977225e+00 -4.452370324285622738e-01 6.215380483210902751e-01 2.379489370975976126e+00
3.027753419053764272e+00 9.899142922114301246e-01 1.026307725827500933e-01 -5.511284126532554062e-01 1.223242113955508081e+00 -3.952333107969686621e-01 7.906074427745994893e-01 1.631901839483788974e+00
1.003358489487070182e+00 9.656890832358849819e-01 1.260265482867199527e+00 -2.960457910733128029e-01 1.302454560891885382e+00 1.604268360011520400e-01 -9.315554317891952540e-02 -2.315087864921906990e-01
-2.483067366704021228e-01 4.047141994126020048e-01 3.731731484827214285e-01 1.254543697192127549e-01 2.639175495867845278e+00 2.384678402082620163e+00 1.255774435683130186e-01 -3.610236319706308095e-01
-1.775806553444419511e-01 -1.281514892082164792e-01 -3.869662153101746105e-01 -8.615236474280627554e-01 4.646279998714412329e+00 3.702347509608604703e+00 2.170604689801006182e-01 -3.367700800576287068e-01
-1.050997107987527990e-01 -1.913866773695288293e-01 -5.676920167560934871e-01 -8.909790079686605857e-01 3.166639164361384040e+00 2.982771487489884077e+00 4.100083337043646248e-01 -2.906757462574620643e-01
-7.836401827631955808e-01 -3.529900473471566658e-01 -4.646078225747096169e-01 1.731348245549094514e-02 3.939713643735882620e-01 5.844953579983768188e-01 3.644414987211114787e-01 -2.094423057312314318e-01
-1.198724379813351337e+00 -3.818028125132214012e-01 2.855447159347712094e-01 -2.972122185897917990e-01 -3.518353763236691245e-01 -5.515657278805098374e-01 5.448392131695467544e-01 6.600918621797605135e-02
-6.509768486185801839e-01 -7.243409247967108611e-01 -3.004144387281951212e-01 -7.318081792264229390e-01 -1.146949742385144688e+00 -3.747783765636497622e-01 -3.964093011825515767e-01 1.385036827174715324e+00
1.530021696215873472e+00 -1.416936358508862348e-01 -8.812882595619910830e-01 -5.650007488124443311e-01 -1.855537245601861951e+00 -3.245174707388652768e-01 -6.075629780485914955e-01 2.190554635798696914e+00
1.314010455362436547e-01 -4.776227409290344506e-01 -3.680369123622428407e-01 -7.166074718417571043e-01 -1.300152787755133099e+00 -2.697625880184363334e-01 -2.651167147206146546e-01 1.387866649467347502e+00
-7.481937668896787574e-01 -1.247256523972106290e+00 3.814414061044330007e-01 -9.139663584124684270e-01 -7.496380019964083985e-01 4.215727063196288149e-02 2.731528155255364965e-01 -3.098917974373123219e-01
-5.501853249046024796e-01 -1.500912747764419963e+00 8.375786877566491206e-01 -9.226536104724294418e-01 -5.286004649723314852e-01 -2.993694360771769758e-01 5.636758973541723394e-01 -2.780528007659069933e-01
-7.815475503458312323e-01 3.982504566524815992e-01 7.209026871653605451e-01 1.543745831477307817e+00 -6.140077490867855703e-01 -4.283143942921838754e-01 5.734245152158471415e-01 -2.847290715826982788e-01
-1.198458603544950485e+00 2.016228249751065515e+00 1.089609326394385791e+00 2.615774953343482423e+00 -7.026936064742139720e-01 -3.744332836239787632e-01 6.687607579368587407e-01 -1.611084012583783864e-01
-1.117538266527926760e+00 1.314551274391198232e+00 9.883393641023779930e-01 2.063067206032782597e+00 -6.913717201991349537e-01 -2.836112821732429401e-01 6.588180537166942186e-01 -1.267491822712201455e-01
-8.757054805170292333e-01 -1.454278071800839123e-01 1.392046660125764834e+00 3.102923746465814925e-01 -5.406253530165194832e-01 -4.076893668563730810e-01 6.170035915486778988e-01 -1.999097175366235379e-01
-9.410215635401698586e-01 -1.370974926636111757e+00 9.542420802124950141e-01 -1.458065120444616225e+00 -8.349390026915738394e-01 -6.225448853001631644e-01 7.520641581469578174e-01 -3.327364486631374518e-01
9.863579141344697154e-01 -2.403859037517426689e+00 -1.925545257486994677e+00 -2.563572948227494486e+00 -2.637492733577755377e+00 -2.068644932287092009e-01 1.689734392588807310e+00 -1.839697345748753377e-01
-1.503080037015889436e+00 -6.552927085829064469e-01 1.511255004720744921e+00 5.729513649374575746e-01 -3.705581650771244018e+00 2.719854885518339094e-01 2.336126033896940513e+00 2.611057459747124221e-01
-1.130848706282433280e+00 -1.951764230822339297e+00 1.592840988357721033e+00 -1.698702291046667368e+00 -3.675580903909642316e+00 1.442021524240371111e-01 2.352816729704984677e+00 2.492408543092719808e-01
9.898655063961836476e-01 -2.492063958690392322e+00 -1.155359258568176450e+00 -2.425180326905429951e+00 -1.780213375715690383e+00 -7.870151990404244957e-01 1.279667637838761696e+00 -3.298524095758221808e-01
-5.725628899442467556e-01 -1.365090491482836343e+00 6.265394614689323571e-01 -8.269997012693202088e-01 -1.851811734650545826e-01 -6.714413656039972533e-01 5.483283814899654329e-01 -3.365196033726891578e-01
-6.922660740414232627e-01 -1.444481536196371652e+00 1.269603698382927970e+00 -1.154902169083673824e+00 -5.147030071933869078e-01 -1.968208167238769124e-01 6.032184160436577791e-01 -1.238707856557497156e-01
-1.055378774666850594e+00 2.414625966761528630e+00 1.002267256122680639e+00 2.806584316948286695e+00 -6.867285759073264995e-01 -2.260653989715411261e-01 7.880716003302877803e-01 -2.898109131576499103e-02
-1.218991669899613051e+00 1.653485778328785294e+00 1.481162222249196025e+00 1.752236995505076722e+00 -6.635862620641486131e-01 -4.240256740976233174e-01 8.672790108030857814e-01 -7.531118230910195666e-02
-9.400500858310480989e-01 2.447473233121850278e+00 1.109996839007126868e+00 2.640314655064633254e+00 -5.618626716749882677e-01 -4.221898123688048177e-01 7.833391096802300169e-01 -1.076423006553248740e-01
-9.265481391936361000e-01 -9.428070992603563294e-01 1.179937475944030867e+00 -9.668101415670427023e-01 -3.483568461093211055e-01 -4.990580380468483956e-01 6.449237366172390074e-01 -1.525576031647772335e-01
-7.425626677725688518e-01 -5.242949820566968899e-01 2.610368646593149711e-01 -6.261426141784077748e-01 -6.259173466422536247e-01 -7.751826817641933598e-01 7.140129244718562695e-01 -3.571352328949292110e-01
1.004248726163399441e+00 -2.733481565464139340e+00 -9.611460618339886519e-01 -2.788251630303221873e+00 -2.620054596805387437e+00 -4.815617442299505724e-01 1.753511096886301912e+00 -1.452341653598660243e-01
-9.564482539457426213e-01 -2.421190660988920662e+00 1.567523221981756532e+00 -2.322366269570860453e+00 -3.666412607935574552e+00 5.285924054066996891e-02 2.228873108071283582e+00 1.854473129560728351e-01
2.622996992435072117e-01 -2.944388038184563960e+00 -7.278858636376044355e-01 -3.088199872803812251e+00 -3.375072642233246434e+00 -1.154463478134706289e-01 2.133562451122577475e+00 6.849972422532760175e-02
4.455022119895162280e-01 -1.957093860805313223e+00 -3.572758687617916817e-01 -1.959912444190451186e+00 -1.097911653573656832e+00 -8.168988574311052409e-01 9.329801306889948798e-01 -3.830307441147874359e-01
-8.915524616596764984e-01 -1.342118757153884623e+00 1.408114152730714830e+00 -6.375031998042758330e-01 -2.514416797360325972e-01 -5.876790498124551121e-01 5.913053880493419623e-01 -2.674569746158359518e-01
-1.513382708936354515e+00 1.237763438542983430e+00 1.783278048526782733e+00 1.842900946547862517e+00 -6.212971703774947674e-01 -2.626100870780751495e-01 7.781294078255693858e-01 -4.645116544692331345e-02
-9.799947792750978159e-01 1.661167642219914864e+00 1.475243963472334219e+00 1.809780031631885056e+00 -6.343515664576746538e-01 -2.890305497353275466e-01 9.445815970788350446e-01 3.791826280073900407e-02
-9.607410813387752269e-01 2.135882748296961786e+00 1.116189009526484366e+00 2.623999818243231807e+00 -5.981638636037482915e-01 -3.681332930855299446e-01 8.688557522969703184e-01 -3.083231273060688116e-02
-6.352997480243643968e-01 -1.253718866592995695e+00 9.755022333995727601e-01 -1.170375547835827756e+00 -3.504631492958185102e-01 -4.782747748673733534e-01 7.117810410025351420e-01 -1.160795133374402099e-01
-3.601715127489870660e-01 -1.482185535514382035e+00 1.582241393941844487e-01 -1.432869348329997905e+00 -8.197625410533920798e-01 -7.624228294320690713e-01 8.354400757459916615e-01 -3.087368079831543932e-01
9.237390049443434670e-01 -3.125536651757967910e+00 -7.042999034655581525e-01 -3.157542798426331565e+00 -2.296912920708679806e+00 -6.036428692953637043e-01 1.703940929212597544e+00 4.042204835068285984e-02
-1.335034312330080741e+00 -1.841517617804643514e+00 1.751893562579116548e+00 -2.034596266122191466e+00 -1.956207008867566488e+00 -4.769242511947034968e-01 1.524406149761823537e+00 2.875856839761791600e-02
1.006349468456191554e+00 -3.210513551933758425e+00 -8.969109213883490472e-01 -3.177742120205209631e+00 -2.202379223493013516e+00 -5.529624547548179780e-01 1.528158047412717657e+00 6.512601671182299823e-02
5.095357964669591233e-01 -2.175378717238538151e+00 4.499819746513180480e-02 -2.046113385310876609e+00 -1.689885979924417025e+00 -6.839260431157440090e-01 1.031100397845682526e+00 -2.395417038003781751e-01
7.857622006303641507e-03 -1.266213709090843409e+00 4.033589159531609236e-01 -1.244086264807932718e+00 -6.136988066052937452e-01 -6.392262854810842887e-01 5.842896961809386225e-01 -3.158769881155388259e-01
-1.609978097156231358e-01 -9.526752805607632268e-01 3.485948492504784002e-01 -1.001234541036067238e+00 -4.927685413609395049e-01 -5.180127992995359199e-01 6.549534324632426685e-01 -2.227627098077845924e-01
-1.155435230073619535e-01 -9.983859760715054765e-01 -3.615973997356060343e-02 -9.119458491523213528e-01 -2.415221941713988629e-01 -6.426718994652164119e-01 9.246966272517455065e-01 -1.521734244296006622e-01
-1.521822328472586805e-01 -1.062601611729357298e+00 -1.187048875143498772e-01 -9.426419365502747283e-01 -1.072997462138800123e-01 -7.116684079933238705e-01 1.036972478794231822e+00 -1.086697211808162339e-01
-1.155864911192768241e-01 -1.165169511169193095e+00 -1.033661451379950802e-01 -9.682755698290879121e-01 -3.617992598474353144e-02 -7.172581776357910277e-01 1.043116938564526031e+00 -1.215568815496287647e-01
-1.137812613047867044e-01 -1.257072900120964842e+00 1.604058196308723316e-01 -9.258437933367636985e-01 7.030817895681137908e-02 -7.399684823136896128e-01 1.075044619700417758e+00 -1.355720456376889871e-01
-9.717422832820124534e-02 -1.393670483501739721e+00 4.334258517470517824e-01 1.014708310254001655e-01 2.760055508557936466e-01 -8.133113628189331257e-01 1.249839890689301347e+00 -3.390714725957458264e-01
-5.353365698321365107e-01 -1.049806789401257934e+00 -6.156446170866363143e-01 1.154888328678417952e+00 4.832302965535799633e-01 -8.044105000183430221e-01 1.293745880089991029e+00 -6.882825831253638338e-01
-5.851334814141263552e-01 -1.641116389734752268e+00 -2.008570577986039218e+00 3.134059743890806882e+00 1.164720481739858426e+00 -8.386932756340476081e-01 8.521234613333774632e-01 -7.159652859708678374e-01
-6.060413093806555906e-01 -1.501073763775990333e+00 -1.375371300846319533e+00 2.200308908924084594e+00 6.205002864531615758e-01 -8.680380329649101112e-01 1.057383199691098286e+00 -7.019665586486166786e-01
2.699905644407222804e-01 -1.581463457796068894e+00 -7.642501627285986504e-03 -6.892929712872930548e-02 2.936490488111943575e-01 -9.680929060634075878e-01 1.367133770100775969e+00 -4.109234450428657093e-01
3.007557325717774011e-01 -1.447493585717158027e+00 1.951183805303650931e-01 -4.613430693501555102e-01 -1.506476189121770948e-01 -7.844654365146090935e-01 8.607413342635578113e-01 -1.466344796768442316e-01
5.484182960006390301e-02 -6.202661255094629178e-01 7.839608581674124554e-01 -2.749144814457699648e-01 -9.195707781279975901e-01 -5.854441232624056912e-01 3.335337761226314091e-01 -2.111181198691568228e-01
9.460528292086968216e-01 2.514598596696971389e-01 7.689822356596432984e-01 -8.328682671693297124e-01 -1.624880608778683566e+00 -9.517304306371587863e-01 -4.909998666355180896e-02 -3.854631401296506610e-01
2.072860583029547232e+00 7.193499870650139627e-01 4.460702355792749429e-01 -1.533295006464157506e+00 4.273686771177138133e-01 -1.247221166765140277e+00 -5.999125397203894927e-01 -4.958598190485057344e-01
3.894450968536440350e+00 3.012275397533195509e+00 7.359139332235880016e-01 -2.165962910938067587e+00 3.031824839353864043e+00 -1.192181705032850036e+00 -4.175538108847866248e+00 4.445923065984786482e-01
3.291927915918204661e+00 1.677934309511681876e+00 8.356720224743080516e-01 -2.046080924433794745e+00 2.187640483830602944e-01 -1.423352269067578835e+00 -3.517560352613276375e+00 7.242950330954989191e-01
9.702855638220435619e-01 -1.395877802999482498e+00 -4.801962060328325288e-01 -1.977894327388218354e+00 -3.380628653011912288e+00 -1.240763349360918033e+00 -7.071868113903696518e-01 -2.693287403607841010e-02
2.352767406475023693e-01 -1.671670928104236786e+00 -1.660263527599483924e+00 -2.274946698976684889e+00 -3.628053750995245519e+00 -9.640605523062567572e-01 5.692245741407788717e-01 -2.948938619487940782e-01
2.229248312571367463e-01 -2.204304543647509718e+00 -1.461443101472159833e+00 -2.228444328498280669e+00 -3.348980513151334826e+00 -1.032718101063052396e+00 1.879527019872344384e+00 2.579798795310268497e-02
-9.266480187120608170e-01 -2.336480137301836013e+00 -6.781205286337692595e-01 -1.710229148498477070e+00 -3.828810970487924070e+00 -2.569585768741265985e-01 2.491768234351087852e+00 8.702273266771060056e-02
-2.067193296823644832e+00 -1.562200342255348540e+00 -3.597580388915112337e+00 1.611677069623172365e+00 -2.787349652654035559e+00 1.020736992554706957e+00 2.323321890004323542e+00 -1.691849863921478514e-01
-2.132371369685999163e+00 -1.661324249221620697e+00 -3.152464193656856040e+00 1.303873655545155330e+00 -3.072935902403681752e+00 1.049112300406944032e+00 2.351838037363192413e+00 -1.595756115154772226e-01
5.181215087451593315e-02 -2.486632118543552483e+00 -2.091788211951010279e+00 -2.304877070351915691e+00 -3.995140918847013722e+00 1.609567417473767026e-01 2.087366388896123137e+00 -5.858665043605448819e-02
6.021440865310311030e-02 -1.906985678004665674e+00 -8.515147781205318900e-01 -1.480374399233823191e+00 -3.209961350368204958e+00 -6.548523718263528082e-01 8.713473679062966326e-01 -2.531702359046336115e-01
2.032865544913242672e-01 -1.496967855480950238e+00 -3.224607879609793226e-01 -1.360061765093595998e+00 -4.057622058784639663e+00 -6.398514597758200306e-01 3.616902606250898544e-01 -2.659980276566436541e-01
7.190665218140048776e-01 -5.608554176577505990e-01 -3.153728231683487759e-02 -2.119517527332762885e+00 -3.783787332521943547e+00 -1.124866911268802783e+00 -1.092535882538036907e+00 4.249771118668197456e-01
3.502264791338461247e+00 1.604551612273369177e+00 4.343353711175585996e-01 -2.089153983586693908e+00 -1.488388379324490085e+00 -1.676059249356277592e+00 -5.000000000000000000e+00 5.000000000000000000e+00
2.270307914116066250e+00 5.797030747420934063e-03 8.582437369508254532e-01 -2.190857878925060120e+00 -2.245802755574533016e+00 -1.572030083161095160e+00 -3.369007896562805193e+00 3.361651875124529010e+00
7.013926845223937834e-01 -1.590521658551315998e+00 -8.045999849386266112e-01 -2.312266969357833268e+00 -4.020007636132803874e+00 -9.903984216296067844e-01 -3.058423195215112522e-01 -1.535600005542609170e-01
4.337226890701226245e-01 -1.159757973041203094e+00 -2.721501510992421213e-01 -1.880827648679218589e+00 -3.192523663949308421e+00 -4.777407803422426547e-01 -7.568908675456889612e-02 -3.110227450549138961e-01
-1.744675439162220176e-02 -8.623134449023723835e-01 -1.077580315178100767e-01 -1.106584514223563298e+00 -2.874249858526718882e+00 -3.140882223831920617e-01 3.406923828049130965e-01 -1.644541417375214309e-01
-6.240418181456329760e-01 -9.469798642036788561e-01 1.556954852803397668e-02 -4.658681156153831049e-01 -2.840139185883638451e+00 -4.369666593352858341e-01 4.354886195258633741e-01 -1.948302662519294515e-01
1.078757197058134443e-01 -5.903857541797261632e-01 8.537309700724524664e-01 -2.352444042402980218e-01 -3.180182177414611733e+00 -2.876211476464105576e-01 1.608201635685316266e-01 -3.068249913271959284e-01
2.149517081901230142e+00 6.897643450434122192e-01 1.644477922267197023e+00 7.212001905708459448e-01 -3.012597544283749151e+00 4.283514336224047425e-01 -6.303582581634875615e-02 -3.457894486392165123e-01
1.605159905470762371e+00 2.694061442636196957e-01 1.853908823277488516e+00 7.309983259798346067e-01 -1.477906402273875042e+00 5.848867133852581751e-02 4.463911904793741586e-02 -2.969303036350652292e-01
-5.710686809663325647e-01 4.500024029103762979e-01 1.783059297376849761e+00 9.066289834611067633e-01 -7.395473821125809755e-01 -2.157629027619556439e-01 3.173027469896085861e-01 -1.651699996872310616e-01
-1.150401473659964813e+00 1.502280542350514780e+00 9.498746220951004293e-01 1.962438487078654425e+00 -2.833609323864902940e-01 -4.742187061925672853e-01 2.738865423730547088e-01 7.414877640897809055e-04
-8.454334497233811918e-01 7.614745759702414851e-01 2.727424152061266871e-01 9.560632924928373910e-01 4.292646270908080652e-02 -5.412092597893642942e-01 2.362696820094957184e-01 -2.489136042098388235e-01
-1.378771012789876682e+00 1.329624473283016250e+00 1.340111228609679905e+00 1.706952629270070965e+00 3.063046187501220624e-02 -4.936371349732013303e-01 2.664274490705952347e-01 -1.906347204479769131e-01
-1.037039073919075127e+00 1.788557910017336550e+00 7.386190086828460233e-01 2.085579906318369758e+00 -5.412696217997729764e-02 -4.552046576457419724e-01 2.063683209380016703e-01 -1.846595880891259700e-01
-1.180573340378155534e+00 9.045765061488374448e-01 8.889010486868266225e-01 9.616638758187144864e-01 -2.503847001382756288e-01 -3.185572577275096462e-01 7.743737436207866198e-02 -1.952038960180047522e-01
-1.394782467897337508e+00 1.704510352256151773e+00 1.210921653591387148e+00 2.050475992489095400e+00 -2.042473380371209457e-01 -3.136241459773548290e-01 9.548521263541909221e-02 -1.512009566733810428e-01
-7.877483326421039767e-01 1.442643011943373077e+00 1.805413271364499084e-01 1.641264798406982584e+00 -1.739628684884348409e-01 -3.508835526366672064e-01 1.087205864446950943e-01 -1.888580777914324049e-01
-1.407407694317466484e+00 1.083985446727667501e+00 1.111090909960177786e+00 1.343420381417715692e+00 -2.040640441741950473e-01 -3.042645221835054703e-01 9.916181501352785976e-02 -1.968267199855609773e-01
-1.263023456002162259e+00 1.933155188894688292e+00 9.459958868278083299e-01 2.321488969835224569e+00 -1.553272418351821227e-01 -3.653034492046496884e-01 1.610625704855755957e-01 -1.831765992933773457e-01
-1.086382401591181823e+00 1.102030441137378691e+00 6.750155358228920877e-01 1.177750163730842070e+00 -9.321178891646456077e-02 -3.672108645643240576e-01 1.752342373568235856e-01 -1.774777027300620258e-01
-1.485929500107135759e+00 1.688079718379835725e+00 1.290317288898559012e+00 1.910027876294918547e+00 -1.874842811186247793e-01 -2.843832436307060507e-01 1.084262769609740801e-01 -1.340505408384775610e-01
-8.075412661551066851e-01 1.744450723960948801e+00 1.654393025030341247e-01 1.787599153645358374e+00 -1.599847974380806392e-01 -3.057070433815615162e-01 7.059325337253603838e-02 -1.601116463407395440e-01
2.144177142120552715e-01 -4.931145814509346748e-01 -6.502765647201415034e-01 -8.953572589341951549e-01 -1.200992422291553841e-01 -3.498380518703890774e-01 8.216131205396567938e-02 -1.879722097117883239e-01
-1.400597959971539019e+00 2.107053070020473429e-01 1.258900652205513504e+00 8.953931918737985107e-01 -2.807272652847933037e-01 -1.977988526382051526e-01 5.705443230371552710e-02 -1.691229192018543492e-01
-1.455922391910790870e+00 1.905003289445676762e+00 1.352832206864718056e+00 2.740798382101128805e+00 -2.371915951888547425e-01 -2.693782428012672092e-01 1.388748080487751668e-01 -1.359348811098002041e-01
-1.316741563492676015e+00 2.618687858850988981e+00 9.525776487323491803e-01 3.164601101108002634e+00 -2.656336686853789653e-01 -3.717608577309815532e-01 9.002886393573247825e-02 -1.967185317210572437e-01
1.100943340001254489e+00 1.142815796868111633e+00 -1.706179185148180233e+00 3.381228879510204122e-01 -3.375330507737900332e-01 -4.510087527323487500e-01 5.366263612247146320e-02 -2.706724475928213858e-01
-3.331445070551060806e-03 -3.609120351164106788e-01 -3.224057849701101319e-01 -6.351198500736344732e-01 -3.332767601140535496e-01 -3.847693078205939310e-01 7.603476232428538206e-02 -2.514799475998018563e-01
-1.547711953900084758e+00 9.719428051113486733e-01 1.538679905732591502e+00 1.269590641229643380e+00 -3.268794890505095085e-01 -3.083259062708894049e-01 8.197789861763779551e-02 -2.034222789224843786e-01
-1.386955442160048069e+00 2.482137880204069003e+00 1.196682655829032882e+00 2.984835649239310662e+00 -3.251942663599228789e-01 -3.425632964407368530e-01 7.775120213495849419e-02 -1.964400880017562190e-01
-5.433380290303786442e-01 2.701550198753093213e+00 -4.649175887023705434e-01 2.921343616372611862e+00 -3.052661252432861128e-01 -4.417231358366990324e-01 8.339301113275751631e-02 -2.325754589957332863e-01
-5.116045133175595172e-01 9.571188310026569335e-01 -4.398494634081737686e-01 3.188923430148332683e-01 -3.056687412468629406e-01 -4.427077137972769139e-01 8.842207743494051586e-02 -2.439057877850882572e-01
-1.625327730098118151e+00 1.454234764637197141e+00 1.411459406267081995e+00 1.570614060114472021e+00 -3.174598958393101134e-01 -3.587311459910575984e-01 1.006056566958364318e-01 -1.997215533668403598e-01
-1.353546454639580787e+00 2.526959837337905412e+00 1.218998740359447108e+00 3.042149295168072864e+00 -2.822814351151551326e-01 -3.805210665372033008e-01 1.419878655163013259e-01 -1.736773752801129833e-01
-9.665173045424850784e-01 2.396072021741332936e+00 2.665797162033668455e-01 2.716755692475744777e+00 -2.696161444344054026e-01 -4.044183437315295171e-01 1.076956935083391853e-01 -2.000068661823003746e-01
-9.977710570984267280e-01 1.362895981830344105e+00 4.079507988814378150e-01 1.292645798838911508e+00 -3.368642758685198024e-01 -3.634397837792699981e-01 8.203455282774305135e-02 -2.273286961545958329e-01
-5.340458191324948256e-01 1.770438708228379898e+00 7.141523565001786644e-02 1.879948906237934647e+00 -3.273811828178300187e-01 -4.113341043732300362e-01 9.116019368487972285e-02 -2.361164780656813400e-01
-1.287543166382834503e+00 2.140759433238692999e+00 1.227775893847969702e+00 2.519045146403311897e+00 -4.410395905568659236e-01 -3.605154891056597810e-01 2.214527767215531545e-02 -2.261430410925853451e-01
-1.388697215756279579e+00 1.046465915753347797e+00 1.405328070001236718e+00 1.294728344441926415e+00 -3.589766313222343408e-01 -3.440070442724647015e-01 4.962322749306920244e-02 -2.014650771669041218e-01
