-1.464109666851287628e+00 1.959004559378245691e+00 1.255908111258159154e+00 1.944385911304130854e+00 6.530991224922069183e-01 -1.459717868658027662e+00 -1.091032281592093645e-01 -7.127829318503631217e-01
3.337001807366082873e-01 -1.271442179014374396e+00 -5.756500354450651002e-01 -1.287628203296460550e+00 1.112301139063879729e+00 -2.612628344285301552e-01 -4.477330445878755505e-01 -8.861539494470899170e-02
-6.952410603245867682e-02 -8.540260207938156212e-01 2.062099799320179366e-02 -8.474280525698321132e-01 1.073898147483338006e+00 8.566316407162669067e-03 -3.691421050232293610e-01 6.614583216656694242e-02
-1.306582592873648085e+00 2.270387123527323858e+00 1.047285234128059628e+00 2.855644965217162934e+00 5.703783838701750181e-02 1.182756492218679290e+00 7.475664334431060543e-02 6.525102796607916700e-01
-1.498155208453566312e+00 2.032362754180015330e+00 1.525197711300192660e+00 2.461770453527047930e+00 -2.541299934172853270e+00 2.443114062819851384e-01 2.209790800472524186e+00 2.607595925932729708e-01
-1.358469860416741781e+00 2.314756835689533165e+00 1.279801473532470535e+00 2.644404004224138571e+00 -2.265835378696571922e+00 3.723928143920332556e-01 2.089295409923551894e+00 3.437353302952532719e-01
-3.940744337858237412e-02 -6.112289268426812638e-01 -3.330114333012284544e-01 -7.628620576251021745e-01 1.448171155327355963e+00 4.629126550816117236e-01 -9.802899297980444127e-01 3.145262161532813572e-01
-4.617962194542679089e-01 2.857730718049231733e-01 1.915033128955210828e-01 4.004787901198498812e-01 1.595864125972778158e+00 6.710024710695532413e-01 -5.935796224615128569e-01 4.321300488920709060e-01
-1.223611453323043996e+00 2.666471810528101116e+00 1.055882879288214893e+00 3.258723217589254872e+00 -2.110540891804647767e+00 4.640080389505436553e-01 1.979846347607595369e+00 4.576158675910192430e-01
-1.077306739595067731e+00 2.240261727832154826e+00 1.012020752099556997e+00 2.975334711193827530e+00 -2.441660129296612247e+00 -4.770550328741253454e-02 2.092341578872050523e+00 6.702090595224691194e-02
-7.020522749478120828e-01 8.174311403389651343e-01 7.578021291574111862e-01 9.526087338184908715e-01 7.026634493352158506e-01 1.207499737768668258e+00 -8.542366899257901325e-02 6.097344552799950357e-01
2.373094738095153922e-01 -9.876626597357375248e-01 -4.436382081087426599e-01 -1.096763295524204818e+00 1.845924467294959292e+00 2.463001883418900473e-01 -8.918851652034475164e-01 9.145575293887318880e-02
-1.278231891163770229e+00 2.914502974959690018e+00 1.152922339334075730e+00 3.349533603255320902e+00 -1.109538879502455000e+00 1.501920440456935291e+00 1.312318372900009633e+00 8.751425926702027791e-01
-1.000905737368985138e+00 1.648568489349353960e+00 1.674255501352674980e+00 1.375142593207871577e+00 -1.657646075602207114e+00 -1.113383516465576706e-01 1.952898242580027421e+00 -2.092664078045892995e-01
-1.310491837386804637e+00 1.919004681756129260e+00 1.128121979316345946e+00 2.135851705978815129e+00 3.070812914540149152e-01 1.129948686013313663e+00 5.364176927662603900e-01 6.592034778931176175e-01
4.644973108826729036e-03 -1.238178371232816710e+00 -2.498562096066994365e-01 -1.450316348408736467e+00 2.282678615076603634e+00 -1.798029100389874069e-01 -9.160994670112649896e-01 -1.344197547570221141e-01
6.430662333818862320e-02 -1.450396074343114794e+00 4.289258506058145626e-01 -1.271571610786066620e+00 2.398207791136509393e+00 -9.862265812661874520e-02 -8.296140008506212027e-01 -1.537187257405056573e-01
-5.357875927287265583e-01 -9.169115241821744755e-01 7.846907116078589706e-01 -1.097020818482388638e+00 1.380443847799499357e+00 1.966062266756619437e+00 -9.539574915543558298e-01 2.450512592603977524e-02
-1.018050298580055246e+00 -4.287515811390153475e-01 -1.954379998193828405e-01 -8.675916673839202398e-01 1.174598534785108450e+00 -2.869628542425358697e-01 -2.613737355389245121e-01 1.828256670461930522e+00
-1.048007040181639482e+00 -8.287342557590218206e-01 3.759381125853329397e-01 -3.425290457018796975e-01 8.787816052219787899e-01 1.650955613826841306e+00 -1.375451948749183195e+00 2.659970330896233026e-01
-3.575996862888102812e-01 -2.303189488279732133e-01 3.939491492687945406e-01 -9.051178839963336387e-01 5.728542402222729368e-01 1.947044947186669095e+00 -1.469858185197989497e+00 2.066735560618726264e-01
-1.230525335542884457e+00 -3.853094612173741940e-01 -3.153949524562807416e-01 -7.939004269380645074e-01 1.698796690256347830e+00 -3.149440038082292892e-01 -3.828193085691198316e-01 1.823130116803575174e+00
-1.136606433279027550e+00 -4.726872501395998905e-01 5.141588950213209497e-01 -6.828474383236772249e-01 -5.071960651759130911e-01 2.695547035676272962e+00 -1.535381739824097647e+00 -1.335748559294690219e-01
-6.808348489298694517e-01 7.171174650611124024e-01 3.401174541821088693e-01 -2.153466079418701884e-01 3.223309355313256352e-01 1.598090155838900239e+00 -1.689564235417107430e+00 5.899698577068785976e-01
-1.495407810304306695e+00 -8.616816320743632129e-01 -9.069809997661100187e-01 5.317553810283495719e-02 -4.629981884422254557e-02 -1.919232773502047573e-01 -1.054734731511670853e+00 1.582069245423966874e+00
-3.545355761623239510e-01 3.987370050352698203e-01 1.098708617743472615e+00 -7.769363725750233485e-01 -9.229448263369430805e-01 3.012133417692152371e+00 -1.334800396483559748e+00 -3.342142856367669168e-01
-9.176178858411544459e-01 -7.445340828216533424e-01 2.673168193216929889e-01 8.735109539564257508e-01 1.754544145087172602e+00 9.113502993589212009e-01 -9.192386950687496672e-01 1.287127674423138801e+00
-1.195090017393636739e+00 -4.985009170727657812e-01 1.950156242265060624e-01 -7.360439630092088237e-01 1.879070933155424505e+00 2.969254043672039933e-01 -6.970190254761226001e-01 1.363224257646775461e+00
2.238493570558880708e-01 3.308715564368908124e-01 9.275035345738169568e-01 -7.541812977405575324e-01 -4.184944454169798878e-01 2.909402438799641999e+00 -8.142112197182342914e-01 -1.827141619269611050e-01
-1.056604646363071165e+00 -8.592880940588913941e-01 5.221314918668983340e-01 4.170720691313324346e-01 6.945744254557474351e-01 5.127605942368846925e-01 -6.930853957396522214e-01 1.807947697018216004e+00
-1.382794080116053204e+00 -5.260913606901279627e-01 -1.269840196528809473e-01 -8.556453432649286928e-01 5.640829308333874526e-01 4.807417755014623539e-01 -1.334679631638277852e+00 1.103329060573865261e+00
-4.402763093107259218e-01 2.274670738065056041e-01 4.466462697673190263e-01 -8.525276563594108570e-01 -1.287360047041931077e+00 2.971762041407441490e+00 -1.653155096608579289e+00 -2.308944930356887082e-01
-8.092329577136097019e-01 -9.379706683215182084e-01 -3.736555052697377449e-02 3.630211020257206878e-01 1.265314322303421057e-01 6.720226806521857610e-02 -1.199900069922119616e+00 1.626687950174269481e+00
-8.517062249488888126e-01 -1.035313948220708768e+00 -5.779968822560538344e-01 -6.916868958295114833e-01 4.554855954077700053e-01 -3.056044150310195384e-01 -7.133243264510381598e-01 1.427603634772389274e+00
-6.704826640857410869e-01 -1.299379857161035989e+00 5.220150242157453047e-01 -1.022861420053728265e+00 1.117428638514353478e+00 -3.723234737084546442e-01 7.416393065329959788e-02 -1.692818897129619027e-01
-4.336171056350169306e-01 -1.293584680883739457e+00 7.528619464875263567e-01 -9.039817532984644188e-01 1.723063086364545526e+00 -1.228703436731937992e-01 1.390571249520042296e-01 -2.311849576732679101e-01
-1.936071919746276404e-01 -1.370939573120527832e+00 -6.202942747853501526e-02 -1.271310120387350473e+00 1.563293437025705668e+00 -1.425987018949068097e-01 -2.835976835679857033e-01 -1.107758351281284137e-01
-4.339025163386635020e-01 -1.986066591878524967e+00 2.075900329070214934e-01 -2.066100629359485907e+00 4.355835747924837742e-01 4.145432183787679525e-01 3.337183591942646244e-01 3.981327470359431048e-02
-5.438214914286791934e-01 -3.083353957074651319e+00 3.728595211135811160e-01 -3.301055221417047214e+00 -1.249956389814786295e+00 6.180993963156764526e-01 1.617948025719939897e+00 1.025606281792963426e-01
-4.807130018640526359e-01 -4.280782255371001987e+00 3.285639892690762065e-01 -4.534776300145493266e+00 2.186239697499491985e+00 1.737478264257860783e+00 -1.036735360001297845e+00 1.457334309572717146e+00
-4.370679287687372905e-01 -4.380308002296583680e+00 3.505866194470586561e-01 -4.598915025818948621e+00 3.429718323839491489e+00 2.910696128445517950e+00 -2.157890597831287227e+00 2.407061432308347904e+00
-4.668214966490812357e-01 -3.488545499668953997e+00 2.618625399291269473e-01 -3.784710748293317994e+00 -7.545419009482516870e-01 1.167416620396834581e+00 9.507592452509197045e-01 6.348594011057349107e-01
-4.849213158184181305e-01 -2.217356991594121141e+00 1.844840486911143440e-01 -2.459161094387667390e+00 -8.519767752277230821e-01 7.190147529349530942e-01 8.331646964637509090e-01 3.047767607799402589e-01
-4.211848088829561743e-01 -9.993870756217028140e-01 1.512694918839221914e-01 -1.158640940770693462e+00 1.028667572097174077e+00 8.755348449702821112e-01 -2.453437374740171928e-01 3.131261471611659353e-01
-4.195306788527495279e-01 -4.467944753398799818e-01 1.399469134511862611e-01 -4.915756875586607122e-01 1.209808745429008514e+00 5.282104542113021939e-01 -6.358555440988623852e-02 2.107707265958342069e-01
-3.450285257048656407e-01 -4.774365224113053530e-01 1.008319068584450501e-01 -4.680213537951543046e-01 1.180654212740472442e+00 6.380510018656599946e-01 -5.428483376797278021e-02 2.994706293220002480e-01
-3.820869571677719678e-01 -1.030859055222330456e+00 1.556125217388962811e-01 -1.031669498711716537e+00 1.309739253471143172e+00 8.012791445742618590e-01 2.951778141091198487e-02 3.833651086352424797e-01
-3.840384492969922681e-01 -2.339849222326538580e+00 1.636429584058176068e-01 -2.399433801909654385e+00 -3.681390727011717434e-01 7.013798495131398081e-01 9.317478467925501828e-01 2.625860361969699630e-01
-3.536548721465850864e-01 -3.852327224435478037e+00 1.977478071769662726e-01 -3.984992015492437645e+00 -7.469309272788469123e-01 7.955977862842993353e-01 1.389164435895620109e+00 4.080425819111981323e-01
-3.339111670002132826e-01 -4.808244806699216944e+00 1.745657013433229987e-01 -4.924774081420991045e+00 2.460137022894735903e+00 1.073820178019395444e+00 -2.091322412673044084e+00 1.612446841887551496e+00
-2.881435829991157438e-01 -4.458877340298899483e+00 1.358456445933282908e-01 -4.514082130329320819e+00 8.514964897938983590e-01 9.823069684945912039e-01 -1.683848046714356284e-01 8.503456461860537940e-01
-3.519318793145015389e-01 -3.062027386342178303e+00 7.514361890215424944e-02 -3.117243340881881153e+00 -1.046647017198763852e+00 3.103280127433600266e-01 1.472617914935843153e+00 1.278555841349705569e-01
-3.281571392450423064e-01 -1.536129749773285535e+00 3.817073452114904536e-02 -1.568000372858147307e+00 1.039283529305579101e+00 5.818368339536601486e-01 1.184847750763730612e-01 2.409795395537988050e-01
-4.777197464386709336e-01 -6.533297133809811141e-01 1.217888343881227131e-01 -6.191822807792078942e-01 1.478528582138435299e+00 4.351719849611662000e-02 -6.945646572313031453e-02 -4.946007488941416008e-02
-6.465175553615065684e-01 -7.528110058859773801e-01 1.255523628178059625e-01 -5.600198075624208682e-01 1.281704975043118644e+00 -2.927836398931950024e-01 -2.711001303297966847e-01 -1.055302989113050122e-01
-3.528151443435333379e-01 -9.654918050469438739e-01 5.493250335933694828e-01 -9.311515074160791050e-01 5.608500684377767387e-01 -4.190761479862723654e-02 -1.687584335253893286e+00 -2.285724932090946460e-01
8.351706860556384893e-02 -8.705361125714934367e-01 8.648535519567264185e-01 -1.015920923857189573e+00 -8.820842558620851648e-01 3.425541675325511459e+00 -1.961534854440329489e+00 -4.061597268566213836e-01
-2.761956023164531815e-01 -8.941508608423027749e-01 5.552332058618771882e-01 -1.148441011838712056e+00 2.201561060367149381e+00 4.493218342878527061e+00 -1.660391337834257408e+00 -4.465451057740971730e-01
-4.035365817242743125e-01 -6.900424141234108300e-01 5.156340468681315237e-01 -1.573388517777343454e+00 6.241310361408978213e-01 3.098427505382322700e+00 -1.950417763271337979e+00 -4.198569499224664714e-01
-5.170717075839212917e-01 -4.675445387439706169e-01 4.879380709442638908e-01 -1.066633109416714076e+00 1.758520766241068678e+00 4.750171354006674923e-02 -1.049242562730756445e+00 -9.892051113233799042e-02
-5.774310916570930541e-01 -5.206084154613547232e-01 -2.219650439860076374e-01 -9.230168116193357974e-01 2.419932167074473117e+00 -5.040148647146582839e-01 -1.494092993965006055e-01 1.717124998254065948e+00
-1.852434916739508775e-01 -1.223640136966909486e-01 -6.883099508935813793e-01 -1.004937605758296604e+00 2.084839010549442317e+00 -6.198454734663859655e-01 -9.650728282703896488e-01 2.232324137592204494e+00
-4.925539891024768302e-01 -3.754650822838950242e-01 -6.169856498926739041e-01 -1.190790914785507137e+00 2.105448986822024526e+00 -5.709706636907539989e-01 -9.190162450541038419e-01 1.819210070820569625e+00
-1.634173754568965631e+00 -2.941253937955520259e-01 2.283165467614815536e-01 -6.574413918608500440e-01 1.733455668251055570e+00 -2.043286325511741719e-01 -9.778051126939307780e-01 3.011013036851666880e-01
-9.917227973716001843e-01 -7.373734207592801404e-01 -3.541773406758708664e-01 -3.882916688592266130e-01 6.491744790220926875e-02 2.329591101637129125e+00 -1.496608621858945387e+00 -2.020985059627061486e-01
-2.025032984832034477e-01 -9.595083100430719103e-01 -2.317158357188544127e+00 9.876181504278149781e-01 2.664682615790197495e+00 3.250789718148085594e+00 -1.217659227581646464e+00 -4.400704919945441773e-01
-1.877695044518873368e-01 -1.078150857959730313e+00 -2.148185229195655133e+00 4.386325836891814545e-01 2.316144156371670704e+00 2.677600158423927734e+00 -9.261548217317806531e-01 -5.266767923414018560e-01
-1.022823742801062918e+00 -1.307065571435050977e+00 4.689563654333978038e-01 2.247909002846952553e-02 5.666089634553810317e-01 6.077486525149993213e-01 -1.140056702952268797e+00 -2.978316271810670379e-01
-1.029961286848486646e+00 -8.367476026131016598e-01 2.267624364664602987e-01 -3.043463980195862950e-01 -1.384524972557384659e-01 -5.615022783780034832e-01 -1.129489047967988435e+00 7.582367091661369463e-01
7.801915065832494278e-01 -8.963225882293050784e-02 -1.276901447834470016e+00 -7.820525674795548721e-01 -1.061074991367208842e+00 -6.278018283396773480e-01 -8.630861854072919837e-01 2.184782632426260918e+00
1.543179471122417823e+00 2.865570383346575239e-02 -2.060474449763094018e+00 -1.265129930067354413e+00 -1.208717072070344623e+00 -8.771952622029098867e-01 -1.427350714111524255e+00 2.058077983251427323e+00
-3.202919828653911227e-01 1.830651584419829558e-01 -2.965049711307611302e-01 -1.058048289457767188e+00 -6.086323300502166633e-01 -5.464567986373947139e-01 -1.300924980155353072e+00 7.025121478759599469e-01
-1.238093983494619632e+00 -5.521738543556544698e-01 5.995032062321105082e-01 -3.591807542921098273e-01 -3.533089328826213293e-01 1.113099237019353316e+00 -1.349920564485279861e+00 -2.563967485004460256e-01
-7.439054924091670351e-01 -8.054824935838611477e-01 -1.175109863338938743e+00 5.376606207267563553e-01 6.289081605904960348e-01 3.683127795482805666e+00 -1.163264752886410403e+00 -2.806579054841956133e-01
1.229632181285878617e-01 -7.854034469062488588e-01 -2.515492838195605874e+00 1.168141744114576941e+00 1.131471785641348538e+00 3.616413234462166670e+00 -8.602737973154599427e-01 -3.379532818710109243e-01
-5.583703233888386297e-01 -1.055145170254425890e+00 -1.051633901299101836e+00 -4.308211886592087092e-01 -9.667320569889328863e-02 1.290753000586406518e+00 -6.483882211570667353e-01 -2.582295705505763816e-01
-1.209529579453297643e+00 -8.938575316733986531e-01 -9.794778573632002550e-01 -8.738483211032652687e-01 -2.313599680855930041e-01 -7.333041815747112224e-01 -8.043693234409537984e-01 -6.635289961835633132e-02
-1.461265234753928777e+00 1.243230170730948714e-01 1.058015610449275362e-01 3.445140739720495837e-01 -1.242537266724267120e+00 -3.822134121264192941e-01 -1.021219270448700200e+00 -2.411350887843959345e-01
-1.851602360354405619e+00 1.330244734962369169e+00 9.035064703854880364e-01 1.765540905638919078e+00 -1.055296505973591703e+00 -3.331959039669659672e-01 -8.076135993693045467e-01 -2.751452104917608832e-01
-1.244232163243731648e+00 1.241937953660344984e+00 5.090308511333380137e-01 1.420962203238318011e+00 -7.362498939938010301e-01 -4.855270420130421982e-01 -6.007744878382619280e-01 -2.369262954378510977e-01
-1.665984954351670488e+00 1.341416445886879139e+00 1.118244766010436875e+00 1.520606275587626177e+00 -5.864686343007439184e-01 -4.857964925429512082e-01 -5.007474227249473220e-01 -1.758681263050981547e-01
-1.167149362367661869e+00 1.782841841606594091e+00 3.323522611645660096e-01 2.089822182276571461e+00 -5.522494264710169354e-01 -5.066030617621907206e-01 -4.525092503574726366e-01 -1.538985488649529387e-01
-1.534595012927711055e+00 9.207859180266482202e-01 6.320115498528113829e-01 1.052513935890103003e+00 -6.989588251345468795e-01 -4.179117229993999927e-01 -5.854177610960250577e-01 -1.742894608128496281e-01
-1.587125379364365596e+00 1.708740872942755340e+00 5.788866983593889959e-01 2.092717692512284344e+00 -7.283795167247764102e-01 -4.359461001203345787e-01 -6.168342385012504092e-01 -1.859929287185542457e-01
-1.191226302005688131e+00 1.157318439023278245e+00 2.820431865698193666e-02 1.239981993213936207e+00 -6.995010507143080147e-01 -4.707011296996885252e-01 -6.088941692305488429e-01 -2.045237875565474872e-01
-1.656950837682308553e+00 1.353286126218065322e+00 8.162989919596352895e-01 1.616365862979458168e+00 -7.629076670359948853e-01 -4.094295511587898728e-01 -6.466475845160131186e-01 -1.975472391076641965e-01
-8.771883072136414938e-01 1.449646508377061549e+00 -1.048064670106447910e-01 1.576935274911568818e+00 -6.856580857054226374e-01 -4.850883160364225510e-01 -6.119355134334127921e-01 -2.083062062915106982e-01
-3.722136818094232691e-01 -1.931270504337180560e-01 -6.347931439895803107e-01 -4.383319142631541543e-01 -8.672500628622907826e-01 -3.635240126247347159e-01 -7.458089001967127540e-01 -2.481351884201100644e-01
-1.788417040390990698e+00 7.991362210765123875e-01 1.325929913066976384e+00 1.025208567441568297e+00 -9.057386216024294612e-01 -3.178098289434828083e-01 -7.455378372146863608e-01 -2.087325809030923796e-01
-1.570170333136972740e+00 2.551116439491129206e+00 1.003412547625968321e+00 2.860536458717005015e+00 -8.264039036985231235e-01 -4.334948771661549793e-01 -6.700992841047103132e-01 -2.112562377669246483e-01
3.601018090520425874e-01 2.368385668586643789e+00 -1.629575109229320029e+00 2.010596722964651306e+00 -8.127086546283099899e-01 -5.212073622588363486e-01 -6.704878223327226383e-01 -2.655841646130658318e-01
2.120410938762069819e-01 -8.324764778887980832e-01 -9.158590577385985476e-01 -1.118073861328522822e+00 -8.929359731128532207e-01 -4.362629804855538418e-01 -7.197199654031666283e-01 -2.696489522651351889e-01
-1.747038179502894639e+00 7.633108585717574002e-01 1.275420776872861151e+00 1.024829857208945150e+00 -8.644475132087580116e-01 -3.583132727868588163e-01 -7.027752394272310799e-01 -2.172958905646973360e-01
-1.598455871286396990e+00 2.476571626691048245e+00 1.049971712587539407e+00 2.780045025198886854e+00 -7.804205624846426437e-01 -4.603651055030733019e-01 -6.388257946155699862e-01 -2.095460781482044454e-01
-1.234456718012444665e-01 2.588250932176911601e+00 -1.161970275286987153e+00 2.502142407030314430e+00 -7.597466360190984203e-01 -5.384505606614493622e-01 -6.284166252151711651e-01 -2.511730461964136740e-01
1.750095530528765209e-01 -7.946482162140328098e-01 -9.922277161284873692e-01 -1.241568382775607660e+00 -8.078655533951277778e-01 -4.776275211665448883e-01 -6.715559917753782804e-01 -2.483469037767239151e-01
-1.571298886328061695e+00 2.914373350641167315e-01 1.264268250666910287e+00 5.604560913193685767e-01 -8.479114344399291125e-01 -4.091376123448975943e-01 -7.022978820182147475e-01 -2.258545390539087316e-01
-1.622484436228889937e+00 2.343489092849812661e+00 1.064282419120224921e+00 2.753660824306656263e+00 -7.822967350471716763e-01 -4.906834010914675748e-01 -6.491019179999799604e-01 -2.411736047878587363e-01
-7.319916585704102641e-01 2.401147526453871528e+00 -4.336018958937144507e-01 2.464740984456460726e+00 -7.084112941491704785e-01 -5.754073976817136726e-01 -5.939506161599440448e-01 -2.703763404833973150e-01
-7.552209028084734266e-01 7.963415431713459780e-01 -2.865434409190781850e-01 3.968460572979647383e-01 -7.510025730152426471e-01 -5.059766608337833427e-01 -6.248349826034192978e-01 -2.549422173887845311e-01
-1.431151133113345519e+00 1.100301969256653578e+00 8.577851160240925754e-01 1.069726856977439411e+00 -8.157098101628018627e-01 -4.279742078872001421e-01 -6.581005072220674768e-01 -2.314862166048112235e-01
-1.020176224170228130e+00 1.242718531281652661e+00 4.420977273046268197e-01 1.340097830310169380e+00 -7.849340049766411198e-01 -4.472217257095611465e-01 -6.422344043043293205e-01 -2.299330648982959857e-01
-1.488672629900906985e+00 2.070034200260903567e+00 9.341967208753337859e-01 2.325145507300303116e+00 -8.123744923524106598e-01 -4.199025494487579335e-01 -6.561130775315748842e-01 -2.206320633741904180e-01
-1.536164344962218431e+00 9.413910670203257114e-01 9.989049816034654139e-01 1.041014850522018920e+00 -7.821994586973142205e-01 -4.095567121827682344e-01 -6.490320322904823414e-01 -2.296195397236116820e-01
-8.933409026092463678e-01 1.697724577472891072e+00 1.261112184213091791e-01 1.767599646598740470e+00 -7.021581361965263390e-01 -4.863869122169855452e-01 -5.983299500499779100e-01 -2.413953784638482591e-01
-1.601434898860151224e+00 1.917871269048598615e+00 1.096936544306983619e+00 2.072244978013093597e+00 -6.916887690431148261e-01 -4.867626709984518851e-01 -5.895711360654970479e-01 -2.119723410414970921e-01
-1.327427249178951607e+00 7.691095351971312111e-01 8.210097065644607062e-01 7.670060948976356041e-01 -6.904318325039839888e-01 -4.758611686791294204e-01 -5.956964430576652259e-01 -2.126433045413105849e-01
-9.448676363921006960e-01 1.894418236858974591e+00 3.732043536179424637e-01 2.016656808039444471e+00 -7.522743712189349230e-01 -4.694900333877152221e-01 -6.303027352473336009e-01 -2.267087602262489454e-01
-1.676150469782446972e+00 1.476974425888603282e+00 1.235091449235282912e+00 1.474378379858771293e+00 -7.482274949234750672e-01 -4.212980496893942717e-01 -6.386853652767155998e-01 -2.209225280117696477e-01
-6.439428833310043565e-01 -7.011192656150176949e-01 -3.291107125977579262e-01 -9.089998442189261008e-01 -7.871515454706144999e-01 -4.024046201202977069e-01 -6.682542575126499962e-01 -2.285474700730869557e-01
8.891586383993890230e-01 -5.309043392968459951e-01 -1.499908670888326023e+00 -3.925894889848803304e-01 -6.760597021660128547e-01 -4.837242993933628110e-01 -6.135650347204534283e-01 -2.339095355997500292e-01
-1.162295957620508080e+00 2.893624098746343520e+00 5.061699075996680675e-01 3.327968039227703123e+00 -7.057722228058145308e-01 -4.428921177259400599e-01 -5.949510198570931996e-01 -1.675170226498327586e-01
-1.607610071023494847e+00 1.984992543645677010e+00 1.334868450689167263e+00 2.192086208082808074e+00 -7.849403099252429961e-01 -3.748405260030218122e-01 -6.431437226520704264e-01 -1.683842460399024854e-01
-8.867329191993961190e-01 1.555335206723246488e-01 2.495702382791447071e-01 3.082730626112993935e-02 -7.748695055941644538e-01 -4.535940876346471473e-01 -6.455310945148030610e-01 -2.170147482719052556e-01
8.006541450723559938e-01 -6.225595535699149918e-01 -1.243185954045965103e+00 -9.505007148918214188e-01 -6.710801438309471623e-01 -6.248763070323952729e-01 -5.848755620297658719e-01 -2.438196787582383729e-01
-1.748998435407988772e-01 2.677943151248054487e+00 -4.213397749679484994e-01 3.224051394101583146e+00 -6.203289104136356924e-01 -6.021983037078546541e-01 -5.268791954115534804e-01 -2.414844313890520122e-01
-1.396716032933507101e+00 2.234481953086399741e+00 1.076429096805842534e+00 2.741330019132449003e+00 -6.054186076771471692e-01 -5.397005003730303008e-01 -5.267743668473069407e-01 -2.246173657707059845e-01
-1.509128865856781410e+00 9.317518084841946990e-01 1.189883088384717347e+00 9.357218642076224890e-01 -6.355441024503717395e-01 -5.570062570929059653e-01 -5.553372996183916221e-01 -2.120375974550072762e-01
-1.385416557728023301e+00 7.617735056960696083e-01 8.655306088300060985e-01 5.641068579618548906e-01 -6.536253439801311682e-01 -5.454337861550998534e-01 -5.603604446418410934e-01 -2.155454976684745561e-01
-5.463896186474328509e-01 6.032007370840394289e-01 8.423956259025805471e-01 5.225331306537310816e-01 -7.847317962679096759e-01 -5.112348305069692733e-01 -6.518328702336734226e-01 -2.605110917748050814e-01
1.887314351854578742e+00 8.144194408529867868e-01 1.152391064026853762e+00 8.408185226179308858e-01 -1.360338476048205791e+00 -3.541108258272160358e-01 -9.546227947365083510e-01 -3.316553019926885004e-01
3.176416968303055199e+00 1.175078393659820808e-01 -2.062685457664625854e-01 5.577012448843448045e-01 -2.254610768771350582e+00 -3.441755019633941370e-01 -1.147838871456741572e+00 -4.503974420949641844e-01
2.252703864436687908e+00 1.132265747762185581e+00 -1.573028921982217554e+00 -3.500246228965201434e-01 -2.954858626401675181e+00 -6.060323516880619099e-01 -5.514794037679461303e-01 -4.686164930323128419e-01
2.916715352293992147e+00 -8.159222817253422022e-01 -1.363990882592239551e+00 -4.227766619654708125e-01 -3.558258420325974392e+00 -5.960900769000998523e-01 4.813767921165165026e-03 -4.467470081361982759e-01
6.712041712177987396e-01 2.487964559614063376e+00 -1.643447761856213774e+00 -5.989966647039867143e-01 -3.925123563916262270e+00 -5.496137448307593099e-01 5.447823744136749691e-02 -4.977179095595066216e-01
4.128267213826370963e+00 2.647235297632770656e+00 -1.771815207642787549e+00 -7.299755823769393803e-01 -3.326956426978047165e+00 -7.664061178423474674e-01 -2.020529031417608312e-01 -4.726412927317424906e-01
2.527458120632037897e+00 -5.399590397040157086e-01 3.679588964686481001e-01 -1.238963823208767967e-01 -3.094468202586023509e+00 -2.886936343534686755e-01 -1.159927637155693469e+00 -4.778215725350556387e-01
4.653034551485980830e-02 3.054869207383893726e-02 2.278167917928665687e-01 -2.031052505178446710e-01 -1.849039545714159738e+00 -5.576089431036583832e-01 -8.501051341747336565e-01 -3.154947719792648986e-01
-1.408714949324995969e+00 4.083741633625542766e-01 -2.919405804428403695e+00 -1.379341537575549080e-02 -1.058541753089670356e+00 -9.549323533984900303e-01 -7.676741740394033009e-02 -2.813455510746808441e-01
-1.258928622811648912e-01 -1.253912085806879739e+00 -4.302507545591180538e+00 3.334492430040397748e-01 -1.738457952892838110e+00 -9.174370241962983563e-01 2.490138089905041263e-01 -4.506439935820985565e-01
9.167748984082584318e-01 -2.333840874851315750e+00 -1.424911698833769780e+00 2.699797408935295628e+00 -2.710154564093521401e+00 -5.672204356781207490e-01 -6.880714615942329360e-01 -6.985121392552440245e-01
3.526264958069834643e-01 -1.962396888142896811e+00 -2.605912869532290621e+00 1.874974457163327557e+00 -2.064401277936135592e+00 -7.925105178901619141e-01 7.167439666661071240e-03 -5.598334288510150580e-01
-9.306949313368359511e-02 -1.658966414756540164e+00 -4.692617125141173240e+00 3.076523921292238395e+00 -1.977194381349318242e+00 -8.769290826961256835e-01 1.921227477358937730e-01 -4.582753140898492838e-01
4.851876739769139246e-01 -2.025263139616829022e+00 -1.381064652157114381e+00 2.557053948055010295e+00 -2.202760222529955403e+00 -8.134785938761907031e-01 -4.585527212196165159e-02 -6.026269166219346829e-01
9.930614239208752914e-02 -1.792438537338814308e+00 -1.411734414426865314e+00 2.152026600352352048e+00 -1.465254171843800579e+00 -8.977413762058338298e-01 1.286862611078570529e-01 -4.788357455179547140e-01
-1.111960379575903435e+00 -1.041205034035331378e+00 -2.484999117016975401e+00 -4.233241687589200941e-01 -1.101642832085551138e+00 -7.529360446142413510e-01 -3.677804302211251097e-01 -2.372655797231315589e-01
-5.104326499653881466e-02 -9.258165211312731346e-02 2.980185747351301595e-01 6.898141291966946032e-01 -2.324188578713857201e+00 -4.726870496143592004e-01 -1.026854134736873592e+00 -3.733838345341053411e-01
3.271581874673184398e+00 7.885826716225087241e-01 7.897428565307056114e-02 -1.025162059690387512e-01 -3.468833082538240298e+00 -3.682383747034155830e-01 -9.861786780496960558e-01 -5.235908508919854265e-01
3.571835286555240963e+00 2.336892336862742781e+00 -1.340273088603969320e+00 -1.314230974094376725e+00 -3.428893484912727718e+00 -7.011246738282811419e-01 -2.889925533119323542e-01 -4.951285056324384870e-01
4.006802621697716837e+00 2.215218837545679165e+00 -1.343288087792581464e+00 -1.356489986585342145e+00 -3.421668013814980203e+00 -7.026375220235213659e-01 -3.411965203867757257e-01 -5.057572053141274893e-01
3.692466837971108085e+00 6.970457691144632539e-01 -2.997468379564975915e-01 -1.187280811943709269e+00 -3.497086007576708511e+00 -4.881859749356494138e-01 -5.037406656758767198e-01 -5.176336272481203427e-01
4.078853600567224902e+00 1.868769086285457348e+00 -7.738055597296846777e-01 -1.157358375449543342e+00 -3.989671826288359480e+00 -1.986427766044147614e-01 -7.285730081319390372e-01 -5.756002124596120151e-01
4.237314021611624071e+00 1.786919047047398124e+00 -1.119132303000307305e+00 -1.113240436731016469e+00 -3.659085807306725613e+00 -5.012635253887741671e-01 -7.863796745240568820e-01 -5.421599804085787122e-01
3.749831970669283532e+00 3.539311495025906362e-01 -5.146207635882427134e-02 -7.363999506278746665e-01 -3.290463834823872169e+00 -3.196726766130812969e-01 -1.201891812642801094e+00 -4.840493895026114490e-01
8.806207891947924749e-01 3.254537176823612543e-01 8.193552039909759444e-01 -4.299954851564614933e-02 -1.960727657015109981e+00 -4.213139959271279267e-01 -9.468885081773503742e-01 -3.028046074752970274e-01
-1.620620872222727105e+00 3.818107218711637163e-01 -1.514096999706369351e+00 4.974040836753367278e-01 -1.094016096044641673e+00 -6.888325778030093272e-01 -4.010037748665722379e-01 -1.979647820241842715e-01
-6.032725694539549099e-01 -5.007376394943605646e-01 -4.415547044717372138e+00 6.836855156036172332e-01 -1.143067695460276756e+00 -9.839900784501476316e-01 2.980363680346621025e-01 -1.476854513891663334e-01
9.026263534065140370e-02 -1.415659670125305247e+00 -5.000000000000000000e+00 1.218091820415498905e+00 -1.768718553707531393e+00 -7.677451929340801673e-01 -3.259745593526336416e-02 -6.046218984063892465e-01
-1.710591772724866233e-01 -1.203696792355057443e+00 -4.257258838707198123e+00 -2.254873859422797944e-01 -1.384169380349402401e+00 -9.067943415817291131e-01 3.607079862751743637e-01 -3.030271171258750451e-01
-5.053488115140049031e-01 -1.048294989066536731e+00 -4.328556583822829040e+00 -1.171221579502802757e-01 -1.582457762110975663e+00 -1.015764797084878435e+00 5.567882074495036360e-01 -1.896558742453239299e-01
8.694646517546174638e-03 -1.447282164693270534e+00 -4.570263050753207601e+00 2.079295235034515632e-01 -1.675105378987738813e+00 -8.730942169601372260e-01 2.797716355143766709e-01 -4.661683962262291314e-01
-2.670220527011422651e-01 -1.335009900243059988e+00 -4.347014894111124406e+00 -1.664684619374775520e-01 -1.056553892866193944e+00 -8.772361499919705263e-01 2.450328090241652157e-01 -4.199835375516818292e-01
-1.346243013842181258e+00 -7.254270828051944120e-01 -3.548927958266646421e+00 7.819034734197909398e-01 -9.393340898740423217e-01 -7.800781767484126217e-01 -1.566819455210587964e-01 -2.549696937734204361e-01
-9.630286353234356334e-01 -1.234037285153929964e-02 -7.442782521327467871e-01 9.776988277443867670e-01 -1.170205995656627973e+00 -7.929852251211548797e-01 -2.777626654381761262e-01 -2.239797664522360787e-01
4.109300975985057947e-01 8.544675118389231938e-02 1.838443434190839831e-01 -2.047578698377293671e-01 -1.728247989339046553e+00 -5.282147115480325672e-01 -6.661837837154739317e-01 -2.875397585360302544e-01
1.799257026257073122e-01 -4.411631153526159865e-01 -3.747959761714482196e-01 -7.987933631435544246e-01 -1.874666009306475756e+00 -4.643737443425691724e-01 -7.075814902037353971e-01 -2.860045155445009035e-01
